359
357
352
246
273
292
311
337
160
158
159
156
157
262
336
330
320
318
323
295
312
308
145
314
286
304
201
220
284
142
181
287
253
275
285
164
180
255
251
256
281
243
280
279
278
277
271
169
245
237
257
247
219
215
244
113
241
233
222
120
225
231
227
224
203
144
161
183
207
154
112
111
109
199
200
202
163
198
196
197
192
184
174
179
141
95
136
170
155
62
139
102
122
126
99
116
89
60
104
92
100
97
52
88
40
33
6
65
67
69
76
71
83
64
48
37
28
27
77
63
54
68
72
36
8
12
9
7
42
44
49
41
19
10
13
23
22
17
5
