628
629
631
632
633
630
389
279
343
406
437
519
450
625
623
624
616
469
520
613
593
619
599
586
598
618
617
609
592
580
594
574
438
583
587
591
581
569
546
558
584
572
573
564
577
449
508
566
562
560
555
565
526
460
551
561
543
549
536
538
550
525
532
537
527
528
518
521
501
510
514
232
266
500
502
489
492
495
497
491
387
357
481
482
256
484
487
472
458
478
475
465
459
473
471
388
360
329
462
457
429
417
430
443
454
436
374
439
423
432
428
419
416
418
412
422
407
361
410
402
408
405
401
396
390
397
391
383
394
384
385
354
379
377
378
370
356
369
289
365
363
366
345
341
342
245
337
340
330
334
328
331
321
323
309
307
316
308
305
302
306
303
301
267
278
295
271
269
260
277
294
264
300
293
299
270
290
292
262
274
288
287
286
207
208
223
239
247
248
255
258
263
250
254
268
273
281
3
55
52
54
46
50
51
40
43
44
33
36
37
28
31
23
27
20
21
16
17
14
15
4
5
7
102
107
111
93
95
99
83
89
75
77
79
82
69
70
72
73
64
65
66
60
61
62
56
58
59
164
165
167
158
159
162
155
157
152
153
147
148
150
140
142
129
133
134
138
121
123
125
113
116
119
241
251
283
234
237
224
225
226
228
229
231
221
215
217
219
209
211
213
199
200
203
206
195
196
197
189
192
194
180
181
184
173
174
178
169
170
172
259
265
204
105
97
68
53
30
32
24
25
26
29
22
19
18
13
12
8
6
1
