572
569
566
565
564
562
561
560
558
555
551
550
549
546
543
538
537
536
532
528
527
526
525
521
520
519
518
514
510
508
502
501
500
497
495
492
491
489
487
484
482
481
478
475
473
472
471
469
465
462
460
459
458
457
454
450
449
443
439
438
437
436
432
430
429
428
423
422
419
418
417
416
412
410
408
407
406
405
402
401
397
396
394
391
390
389
388
387
385
384
383
379
378
377
374
370
369
366
365
363
361
360
357
356
354
345
343
342
341
340
337
334
331
330
329
328
323
321
316
309
308
307
306
305
303
302
301
300
299
295
294
293
292
290
289
288
287
286
283
281
279
278
277
274
273
271
270
269
268
267
266
265
264
263
262
260
259
258
256
255
254
251
250
248
247
245
241
239
237
234
232
231
229
228
226
225
224
223
221
219
217
215
213
211
209
208
207
206
204
203
200
199
197
196
195
194
192
189
184
181
180
178
174
173
172
170
169
167
165
164
162
159
158
157
155
153
152
150
148
147
142
140
138
134
133
129
125
123
121
119
116
113
111
107
105
102
99
97
95
93
89
83
82
79
77
75
73
72
70
69
68
66
65
64
62
61
60
59
58
56
55
54
53
52
51
50
46
44
43
40
37
36
33
32
31
30
29
28
27
26
25
24
23
22
21
20
19
18
17
16
15
14
13
12
8
7
6
5
4
3
1
