1578
2988
3012
2758
2996
2994
2986
2992
2991
2990
2984
2985
2980
2922
2963
2957
2946
2936
2919
2934
2923
2566
2920
2917
2163
2842
1548
2910
2908
2909
2905
2902
2886
2885
2883
2874
2867
2871
2866
943
1784
2865
2749
2852
2819
2825
2824
2813
221
2809
2761
2780
1852
2775
2732
2735
2138
1543
2636
2757
2183
2724
2725
2722
2692
2643
2644
2697
2098
2226
2589
2608
2666
2675
2662
626
593
2650
2618
2547
2614
2549
2603
2495
2543
2538
2568
2569
2553
2515
2551
2280
2546
2545
2544
2541
2379
2527
2521
2512
2481
2490
2489
2500
2040
2389
702
1135
1340
1348
1376
1409
1520
1521
1523
1741
1863
1897
1899
1903
1905
1916
1930
1936
1945
1969
2015
2059
2062
2116
2137
2151
2153
2100
2109
2125
2129
2161
2274
2480
2213
2227
2429
2433
2471
2460
2414
2401
2440
2448
407
2369
2439
2270
2425
2315
2397
2314
2403
2318
2392
2186
2357
2375
2347
2333
2360
2298
2324
2335
2290
2326
2330
1932
2004
2283
2285
2317
2300
1526
1981
2297
2286
2273
2269
2260
2264
2200
2218
2231
2204
2182
2174
2205
2191
2203
2207
2179
2152
1631
2168
2170
2166
1840
2155
2148
2065
2136
2134
2132
2112
2128
1894
2127
2123
2009
2072
2085
2106
2108
2111
2105
2084
1632
2081
2086
2007
2076
2018
1887
2055
2071
1977
2066
2008
2048
2039
1978
2052
2011
1984
2026
1963
2028
2025
2033
1768
2021
2012
1998
2002
1592
1901
1968
1805
1974
1950
1531
1770
1939
1726
1728
1771
1772
1973
2000
1877
1954
1995
1959
1893
1931
1983
1972
1344
1713
1964
1965
1923
1890
1941
1819
1881
1892
1883
1850
1918
1908
1891
1541
1797
1695
1846
1825
1865
864
1888
1898
1873
1874
1849
1848
1860
1841
1839
1761
1832
1370
1760
1787
1408
1798
1472
1786
1777
1808
1765
1792
1776
1789
1456
1636
1788
1791
1779
1643
1280
1778
1774
1759
1194
1474
1352
1429
1211
1764
1387
1750
1129
1183
1342
1080
1356
1735
1335
701
1195
1644
1701
1733
1378
1700
1734
1688
1727
1723
1722
1721
1720
1719
1718
1717
1716
1715
1345
1630
1690
1637
1663
1596
1669
1662
1101
1572
1609
1659
1570
1601
1641
1642
1633
1618
1595
1439
1431
1597
1574
1582
1239
1565
1571
1576
692
1445
1537
1547
1528
1542
1533
1529
1369
1106
1309
1231
1339
1450
1486
1091
1070
1054
1053
954
1511
1515
1274
1277
1322
1331
1332
1343
1396
1425
1422
1394
1496
1501
1502
1487
1436
1503
1498
1493
1479
1406
1475
1464
1448
1449
1430
1435
1395
1446
1359
1438
1303
1433
1351
1388
1386
1357
1341
1290
1079
1288
1008
1084
1311
1272
1240
1273
803
1324
533
932
1043
1330
1040
1367
1336
1063
1227
871
1349
1046
1304
1262
1315
1293
1269
1282
1284
1266
1254
918
670
1150
1059
1000
1200
1199
722
1087
768
1012
842
1160
1029
1205
1064
1128
459
338
1002
1187
833
1115
1153
942
1146
1169
1173
928
1147
1151
927
667
1048
1148
1149
412
980
1143
1110
1125
804
1124
1074
1095
898
854
1034
1089
1094
937
710
1090
1082
1047
1011
1062
859
946
860
857
1050
675
1030
1017
1041
976
983
941
944
611
956
846
926
845
861
882
849
883
836
832
811
793
730
690
660
652
644
628
541
529
436
375
335
945
906
931
905
901
844
813
876
822
686
778
659
797
729
802
527
774
727
612
568
685
760
837
824
823
753
754
775
747
765
742
698
706
748
610
712
749
677
679
665
700
668
657
542
651
563
639
609
539
577
433
504
380
540
605
621
618
623
322
632
616
620
570
357
506
557
503
581
497
224
192
556
358
323
389
559
276
588
582
572
550
555
554
293
199
157
251
92
515
494
517
189
507
271
461
421
329
508
267
409
352
410
491
232
440
370
479
485
472
445
385
371
446
403
431
451
284
308
353
348
222
264
256
399
191
129
432
418
447
423
387
425
320
415
416
196
360
396
405
386
378
362
361
368
260
286
321
181
275
336
295
208
243
300
319
304
305
184
205
218
285
268
248
246
225
274
273
197
233
239
110
203
247
277
272
249
231
211
237
151
198
223
212
210
195
219
216
194
193
187
128
168
152
153
91
71
43
59
58
146
135
54
105
133
90
127
130
95
101
50
34
56
106
6
2
97
66
67
23
22
76
40
21
80
74
57
60
47
52
45
5
20
