2934
2923
2922
2920
2919
2917
2910
2909
2908
2905
2902
2886
2885
2883
2874
2871
2867
2866
2865
2852
2842
2825
2824
2819
2813
2809
2780
2775
2761
2758
2757
2749
2735
2732
2725
2724
2722
2697
2692
2675
2666
2662
2650
2644
2643
2636
2618
2614
2608
2603
2589
2569
2568
2566
2553
2551
2549
2547
2546
2545
2544
2543
2541
2538
2527
2521
2515
2512
2500
2495
2490
2489
2481
2480
2471
2460
2448
2440
2439
2433
2429
2425
2414
2403
2401
2397
2392
2389
2379
2375
2369
2360
2357
2347
2335
2333
2330
2326
2324
2318
2317
2315
2314
2300
2298
2297
2290
2286
2285
2283
2280
2274
2273
2270
2269
2264
2260
2231
2227
2226
2218
2213
2207
2205
2204
2203
2200
2191
2186
2183
2182
2179
2174
2170
2168
2166
2163
2161
2155
2153
2152
2151
2148
2138
2137
2136
2134
2132
2129
2128
2127
2125
2123
2116
2112
2111
2109
2108
2106
2105
2100
2098
2086
2085
2084
2081
2076
2072
2071
2066
2065
2062
2059
2055
2052
2048
2040
2039
2033
2028
2026
2025
2021
2018
2015
2012
2011
2009
2008
2007
2004
2002
2000
1998
1995
1984
1983
1981
1978
1977
1974
1973
1972
1969
1968
1965
1964
1963
1959
1954
1950
1945
1941
1939
1936
1932
1931
1930
1923
1918
1916
1908
1905
1903
1901
1899
1898
1897
1894
1893
1892
1891
1890
1888
1887
1883
1881
1877
1874
1873
1865
1863
1860
1852
1850
1849
1848
1846
1841
1840
1839
1832
1825
1819
1808
1805
1798
1797
1792
1791
1789
1788
1787
1786
1784
1779
1778
1777
1776
1774
1772
1771
1770
1768
1765
1764
1761
1760
1759
1750
1741
1735
1734
1733
1728
1727
1726
1723
1722
1721
1720
1719
1718
1717
1716
1715
1713
1701
1700
1695
1690
1688
1669
1663
1662
1659
1644
1643
1642
1641
1637
1636
1633
1632
1631
1630
1618
1609
1601
1597
1596
1595
1592
1582
1578
1576
1574
1572
1571
1570
1565
1548
1547
1543
1542
1541
1537
1533
1531
1529
1528
1526
1523
1521
1520
1515
1511
1503
1502
1501
1498
1496
1493
1487
1486
1479
1475
1474
1472
1464
1456
1450
1449
1448
1446
1445
1439
1438
1436
1435
1433
1431
1430
1429
1425
1422
1409
1408
1406
1396
1395
1394
1388
1387
1386
1378
1376
1370
1369
1367
1359
1357
1356
1352
1351
1349
1348
1345
1344
1343
1342
1341
1340
1339
1336
1335
1332
1331
1330
1324
1322
1315
1311
1309
1304
1303
1293
1290
1288
1284
1282
1280
1277
1274
1273
1272
1269
1266
1262
1254
1240
1239
1231
1227
1211
1205
1200
1199
1195
1194
1187
1183
1173
1169
1160
1153
1147
1146
1143
1135
1129
1128
1125
1124
1115
1110
1106
1101
1095
1094
1091
1090
1089
1087
1084
1082
1080
1079
1074
1070
1064
1063
1062
1059
1151
1054
1053
1050
1048
1047
1046
1043
1041
1040
1034
1030
1029
1017
1012
1011
1008
1002
1000
983
980
976
956
954
946
945
944
943
942
941
937
932
931
928
927
926
918
906
905
901
898
883
882
876
871
864
861
860
859
857
854
849
846
845
844
842
837
836
833
832
824
823
822
813
811
804
803
802
797
793
778
775
774
768
765
760
754
753
749
748
747
742
730
729
727
722
712
710
706
702
701
700
698
1150
692
690
686
685
679
677
675
670
668
667
665
660
659
657
652
651
1149
644
639
632
628
626
623
621
620
618
616
612
611
610
609
605
593
588
582
581
577
572
570
568
563
559
557
556
555
554
550
542
541
540
539
533
529
527
517
515
508
507
506
504
503
1148
497
494
491
485
479
472
461
459
451
447
446
445
440
436
433
432
431
425
423
421
418
416
415
412
410
409
407
405
403
399
396
389
387
386
385
380
378
375
371
370
368
362
361
360
358
357
353
352
348
338
336
335
329
323
322
321
320
319
308
305
304
300
295
293
286
285
284
277
276
275
274
273
272
271
268
267
264
260
256
251
249
248
247
246
243
239
237
233
232
231
225
224
223
222
221
219
218
216
212
211
210
208
205
203
199
198
197
196
195
194
193
192
191
189
187
184
181
168
157
153
152
151
146
135
133
130
129
128
127
110
106
105
101
97
95
92
91
90
80
76
74
71
67
66
60
59
58
57
56
54
52
50
47
45
43
40
34
23
22
21
20
6
5
2
