5190
5183
5158
5132
5127
5119
5113
5112
5111
5102
5084
5082
5077
5062
5060
5059
5054
5052
5048
5046
5031
5009
4991
4979
4949
4948
4945
4943
4941
4939
4933
4928
4927
4921
4918
4917
4912
4900
4879
4874
4868
4864
4857
4856
4834
4831
4828
4823
4818
4816
4804
4789
4783
4763
4761
4759
4733
4708
4695
4678
4674
4672
4666
4650
4643
4638
4627
4614
4608
4597
4583
4573
4563
4561
4556
4554
4549
4548
4526
4525
4523
4514
4509
4500
4477
4474
4469
4435
4431
4426
4423
4422
4413
4398
4384
4381
4358
4353
4348
4343
4339
4335
4209
4186
3977
3974
3857
3850
3802
3785
3782
3779
3774
3772
3753
3741
3733
3710
3697
3653
3641
3637
3636
3619
3615
3611
3608
3604
3601
3590
3585
3583
3574
3562
3548
3546
3544
3543
3519
3517
3515
3494
3491
3489
3477
3467
3447
3437
3427
3420
3414
3408
3399
3396
3387
3384
3375
3349
3342
3341
3334
3304
3292
3291
3286
3278
3264
3257
3255
3239
3225
3222
3215
3214
3197
3196
3191
3188
3183
3182
3167
3164
3145
3132
3117
3113
3086
3067
3066
3059
3055
3051
3043
3042
3037
3032
3012
3011
3010
3002
2987
2983
2968
2967
2965
2962
2961
2960
2959
2951
2941
2940
2925
2907
2895
2879
2863
2851
2846
2845
2802
2801
2791
2790
2787
2775
2766
2708
2701
2697
2674
2665
2664
2648
2644
2640
2630
2616
2613
2608
2607
2603
2595
2594
2585
2575
2574
2573
2572
2571
2570
2567
2564
2561
2557
2554
2552
2535
2534
2533
2532
2531
2501
2493
2492
2487
2483
2482
2479
2472
2469
2465
2463
2461
2460
2453
2450
2445
2440
2439
2425
2415
2407
2401
2393
2379
2374
2367
2365
2350
2343
2339
2338
2337
2324
2319
2315
2312
2309
2307
2303
2294
2292
2291
2290
2289
2288
2287
2286
2285
2284
2281
2270
2269
2266
2265
2258
2255
2247
2246
2243
2229
2228
2222
2221
2220
2217
2212
2208
2204
2192
2187
2184
2173
2169
2157
2154
2142
2137
2135
2125
2106
2105
2104
2103
2100
2062
2061
2060
2054
2053
2022
1981
1964
1958
1956
1951
1935
1933
1930
1923
1922
1921
1913
1909
1902
1894
1892
1888
1882
1878
1860
1851
1849
1843
1840
1837
1836
1832
1831
1826
1825
1806
1789
1788
1784
1776
1761
1760
1757
1756
1750
1747
1745
1742
1741
1736
1726
1724
1723
1711
1708
1700
1699
1698
1690
1688
1683
1671
1668
1667
1663
1662
1654
1651
1649
1644
1643
1641
1637
1634
1631
1621
1620
1616
1610
1606
1602
1597
1594
1590
1587
1586
1572
1559
1554
1553
1538
1537
1535
1530
1528
1526
1524
1523
1522
1505
1503
1502
1500
1499
1498
1497
1495
1481
1471
1469
1467
1465
1464
1449
1448
1447
1445
1442
1441
1440
1425
1420
1419
1418
1417
1412
1411
1410
1407
1405
1404
1403
1402
1400
1399
1398
1397
1396
1395
1392
1390
1388
1387
1386
1384
1376
1372
1363
1361
1354
1350
1341
1339
1332
1329
1328
1327
1324
1319
1317
1314
1306
1305
1302
1298
1289
1288
1285
1271
1263
1261
1257
1246
1238
1230
1228
1227
1218
1217
1214
1211
1210
1207
1203
1202
1201
1200
1198
1197
1194
1190
1189
1187
1186
1182
1180
1179
1169
1165
1161
1155
1149
1147
1145
1141
1139
1138
1133
1132
1128
1127
1123
1121
1115
1111
1106
1103
1088
1085
1082
1074
1070
1068
1067
1065
1058
1056
1054
1053
1048
1037
1035
1030
1027
1003
1002
1000
998
997
996
995
994
988
981
980
970
965
964
963
960
959
958
948
945
942
941
939
935
932
930
928
924
921
920
914
912
911
909
905
901
900
898
896
892
891
888
882
875
869
866
865
864
863
861
860
859
857
839
838
834
829
827
825
822
821
820
811
810
809
807
804
802
800
798
797
795
792
782
781
780
777
776
774
773
771
769
763
762
761
753
748
747
745
744
743
740
738
736
735
734
731
730
728
726
725
724
723
722
721
719
717
716
715
714
709
708
705
703
698
697
696
694
684
680
678
677
672
670
668
662
661
659
650
649
648
644
642
640
637
636
633
620
616
615
611
605
604
603
598
235
234
232
231
230
229
228
227
226
225
223
222
219
218
217
209
201
199
197
196
191
190
189
188
186
185
184
182
181
180
179
178
176
175
174
173
172
170
169
168
167
166
165
163
162
161
160
159
158
157
156
155
154
152
151
150
149
148
147
146
145
144
143
142
141
140
139
138
137
136
135
134
133
132
130
129
128
127
126
125
124
123
122
121
120
119
118
117
116
115
114
113
108
106
105
104
102
101
100
99
98
97
96
95
94
93
92
91
90
89
88
87
86
85
84
83
82
81
80
79
78
77
76
75
74
73
72
70
68
67
66
63
62
61
60
59
58
57
56
55
53
51
50
48
47
46
36
35
34
33
31
30
29
28
27
26
25
23
22
21
20
19
16
8
5
2
1
