25404
25412
25409
25410
25375
23191
25402
22839
24879
24572
24549
23430
25343
25376
25396
25298
25227
25308
25347
25386
24903
25374
25366
25399
25398
24524
25390
25336
25346
25393
25362
24787
25317
25110
25050
25071
25108
25122
25383
23232
18361
25369
23228
23210
1685
23824
25370
25361
25322
25333
22846
25348
20012
24606
25334
25337
25300
25332
25261
25252
25216
25319
25222
25116
25196
25117
25169
25126
25278
25326
25318
15063
25115
25301
25153
25220
25235
25270
25314
25297
25295
24148
21668
25302
25118
25299
25162
25281
17700
25184
25294
25203
25284
25286
25285
25291
25257
25263
20260
25028
25264
25275
25276
25240
22305
25255
25228
25260
25262
19173
14831
24083
25224
25245
25243
25238
25209
25043
21190
25226
25070
25133
25229
20076
24661
25218
25215
25208
25207
23863
24145
25200
25198
25141
24089
21783
22040
23427
25180
25178
25173
25171
25172
17550
24441
25170
20714
15482
25160
24626
25125
23404
25144
25145
24873
24993
25140
22093
25147
22374
23397
24927
24962
25049
24808
22631
24834
25027
25107
25123
25100
20383
25066
25084
24951
25004
25104
25093
25082
25063
25062
25080
19394
19675
19719
18291
18362
19346
19392
16383
15616
16342
16377
14669
15180
15428
15555
15571
25092
25098
25042
25079
25046
25065
25091
18292
15651
25081
24294
23163
15293
25068
23878
23903
15716
18402
21746
22638
22799
22904
23075
23098
23009
23243
24306
25061
21674
24756
24832
25031
25041
19699
25011
24995
25001
25025
25039
24237
23160
25026
24969
25015
24830
24998
23958
25003
24413
24964
24990
24994
23920
23935
23964
23978
24078
24121
24132
24212
24241
24406
24434
24456
24461
24508
24503
24518
24577
24989
24559
21350
17044
24966
24981
24976
24970
2432
24968
24959
24109
24914
24933
24938
24930
24880
24737
24909
24627
24907
24872
22887
23337
22224
24894
23812
24501
24891
24862
24889
23342
24489
24374
24878
15930
21224
24448
24683
24826
24841
24596
24705
24688
24829
24457
20963
24720
24724
24708
24755
24768
24778
24854
24846
24852
18243
24833
24821
24110
22544
23925
22266
24819
16216
24790
24797
24453
22039
24809
24806
24800
24003
19941
20117
20593
24801
24767
24769
24772
24788
22200
24784
24673
24699
24601
24711
24774
24712
24716
24732
24730
21438
24728
24499
22442
24746
16379
24753
20170
24727
40
24709
24718
23617
17298
24703
24717
24347
24706
24695
24623
24658
24655
24690
24687
24669
24645
24654
24681
20478
24632
24675
24678
21457
24151
24611
24571
24624
24664
22121
24660
21631
24653
20119
24650
24217
22524
24644
22056
24634
24628
24584
24607
24618
24622
17528
24502
20710
24612
24594
24487
24602
24604
24585
20584
14438
24580
24600
24397
24592
23944
15291
24581
16215
24551
24565
24578
24563
24568
22994
23536
23572
24562
24514
24557
21876
24525
23959
24531
14574
24500
22196
23742
1566
24386
24528
24526
24527
15005
24520
24227
24519
24439
24396
24497
19320
20078
23442
24495
17061
23015
22342
24213
24312
24469
24466
24478
24480
20855
24422
24319
24447
24442
24444
24459
24129
20938
20491
24436
24108
23752
24435
16441
1271
24429
24430
24424
24421
24416
21818
23845
23574
24404
24037
24388
24399
24368
24390
24371
24041
24054
24329
24352
23767
24378
24183
14693
24019
3712
23341
24344
24334
24327
24351
24366
24365
22518
21386
24350
24308
24299
24341
24338
24305
24322
24309
20045
24303
24302
24258
24291
24295
14340
24130
23205
24293
24264
24284
24287
15865
24279
24272
24273
24274
21492
24218
18342
24246
24265
24267
24116
24138
24152
24178
24160
24158
24125
24154
24179
24202
16925
24248
24240
24245
24243
24215
24225
19589
24238
24230
24232
24229
24184
23784
23927
24100
24136
24226
24223
21773
23245
2568
24216
24214
24203
24206
23458
23986
24208
24146
15949
24204
23704
21332
24201
23873
20363
24149
24161
24124
24180
24167
24195
24193
23724
23930
18257
24159
24187
24182
24049
24176
24133
24168
24177
23330
22308
24164
24156
24162
24157
22955
24137
24155
24150
23922
24127
22384
24134
24079
22580
22916
22555
24088
24101
24115
23866
23953
24111
24065
24094
24097
22453
24106
23848
16526
23907
24082
24096
23344
24059
3691
23938
23354
24025
24053
21754
24052
24073
23837
24070
14341
24056
24055
23017
24061
24063
23798
15003
23972
24007
23531
23942
23895
23521
23969
24038
23263
23939
23392
24033
14560
24030
24020
23968
16411
24018
23980
24015
24012
24014
24009
24008
23981
23254
23979
19879
23915
16192
23908
2988
23965
23947
23951
23943
23945
23153
22311
23883
23923
23931
23452
23918
23766
23921
23917
22106
1855
23914
23906
23913
23899
23911
23909
23905
23904
23705
23842
23902
23890
23893
23896
23897
23894
16218
23875
1908
23553
23887
22433
23876
23870
23874
19766
23871
19486
23862
23811
21309
21532
21920
23775
23858
23859
20629
23416
22805
23854
22724
23852
21874
23070
20590
21588
21764
21901
21769
21924
21929
21979
22139
23079
23266
23236
23400
23477
23787
23831
22152
22890
23099
23195
23253
23255
23478
22643
16681
21005
22089
19989
20184
20196
23616
23690
23841
23453
21928
19905
23839
15769
23785
22763
23830
23829
23818
23311
23754
21948
23821
23678
23757
23770
23332
23331
17636
16237
22376
21809
21904
22102
21093
21772
20232
20539
20672
22371
22569
23577
23722
23779
23759
23794
23795
20716
21922
22031
21375
23796
23797
23789
23791
19553
17596
23788
19803
23786
23532
23782
23588
22676
23762
23774
22864
16123
23777
23402
23440
23490
23501
23533
22869
22892
22903
23022
23669
23682
23689
23776
23546
23549
23583
23596
23631
23713
22742
21916
23687
23772
23741
23764
23734
23740
23746
23738
23717
22606
23763
22497
23755
23750
23756
23524
23737
23157
23586
21320
23729
23725
23723
23534
23584
23581
23666
23643
23672
23710
23715
23712
23716
23706
22646
23348
23582
23680
23668
23487
23693
19965
23696
23681
23575
23541
23671
23679
23608
23660
22567
23639
23626
23637
23647
23489
21951
23640
23559
23633
21129
23627
23638
23528
23641
21385
23603
23448
23552
23503
23551
23593
23613
23611
23522
23604
23598
23539
19335
23579
23589
23585
22734
16307
23578
23322
19194
23569
23486
21059
23367
23560
23529
23554
20128
23130
23447
23550
23526
23340
14623
23267
23497
23516
23525
23537
22847
23523
23473
23509
23512
23479
23493
23513
23515
23491
23514
23510
23511
23505
23481
20425
17524
23492
23485
23152
15746
23222
23463
23475
21835
23471
23355
23445
23455
23346
23249
23459
16462
21865
21825
22463
20149
20765
23396
23438
23408
23432
23431
21031
22856
23418
23414
23386
23398
23405
23106
22736
23403
23399
22057
23288
23335
23375
17261
17637
14895
3207
23391
23356
23382
23377
23310
23298
23170
23364
22159
21899
19504
23338
23347
23349
21644
23085
23339
22151
23334
23327
23285
23323
23321
23259
23315
23302
22790
23313
23301
17518
23300
23293
23257
23273
23276
23265
23248
23286
20706
23223
23281
23268
23258
17686
23271
22269
23272
23269
21221
21786
23093
16796
23114
23262
23260
23246
23234
20662
15627
23224
23238
23231
23021
14381
22502
20845
23235
2434
23132
23233
22922
23226
22348
23214
14708
23217
20713
23192
23189
23212
23187
21837
23125
23207
23154
23136
23193
23201
23202
23196
23180
23006
23182
23148
23151
16748
20922
21430
23172
22835
23174
23032
23150
23004
23158
22925
23112
20625
23124
23143
23128
23023
23121
20549
23135
22529
21143
22299
23131
22197
23122
23127
23091
23048
14904
23113
23107
23101
23066
23096
22971
23084
23072
23081
17020
17642
23064
23067
23071
23035
23043
23056
23059
21136
22366
22816
22850
22997
23044
22485
22317
22758
23031
23034
23018
23030
23024
23011
22301
23014
23012
22996
22863
23000
22993
20630
22991
22969
22915
20585
20435
21048
17717
22990
21315
20267
22967
22077
22975
22750
22959
22880
22961
22956
22947
22913
22912
22954
22557
22361
22798
22953
22945
22706
22950
22917
22914
22934
22918
22928
22860
22599
22907
22910
22909
22304
22905
22889
22891
22893
14647
17638
22884
22885
15635
16147
22257
22867
22873
22874
22875
22872
22866
22868
21771
22855
22862
16426
21879
22854
22737
22490
16877
22849
22705
22647
22838
22800
22829
22815
19625
22206
22717
22792
22810
22072
22818
22819
22823
22828
22826
22824
22817
22812
22732
22802
22720
22793
14338
22714
22286
22499
20892
22521
22771
22775
16613
22735
22264
22699
22713
22715
22322
21167
22743
22649
22528
22721
22730
22729
22741
22623
22008
22731
2121
22449
22723
22719
22709
22654
22143
22417
22708
22434
22281
22681
22682
22689
22687
22117
22560
22657
22675
22215
22662
22672
22478
22622
22669
22615
22648
22651
22661
22642
22653
22644
22612
22614
22613
22637
22610
22609
22111
22627
22469
21784
2773
22571
22448
21090
22487
1315
22598
14428
22611
22062
22600
22607
22601
22605
22602
21910
22439
22592
22595
22594
22593
22576
22410
22577
22503
22570
22562
22568
22556
16558
22430
22498
22534
22454
17601
22483
22509
1775
22441
22507
22554
22531
22383
22489
22505
22525
22546
22496
22542
20676
22541
22532
22073
22527
22318
22520
22522
22523
22516
22519
22367
22492
22506
22494
15797
21166
20124
19266
20426
22475
22450
22493
22428
22147
22471
21947
20398
22244
22268
22328
22389
22411
22445
22472
22467
22458
22409
22391
22440
22444
21637
22447
22438
22437
22425
22427
21702
21978
22260
22420
22142
22424
22408
22415
22390
22393
22392
22401
22365
22364
22144
22394
22194
19181
22354
22259
19994
22025
22372
20859
22141
20912
22356
22252
22284
22345
19759
22296
22306
22027
22050
22261
21963
22335
22344
22226
22325
22324
22314
22330
16506
22309
21108
14435
21079
22275
22303
22292
22278
22300
22219
21926
22267
22037
22287
22285
22283
14682
22058
21937
22150
22223
16646
14472
22172
22055
22229
22254
22258
22208
21459
2204
20123
16251
21510
21524
22218
22063
21273
2981
22222
22129
22228
22087
21584
22209
22131
22024
15717
21965
22201
20965
22195
20275
20939
22193
22192
22188
22007
22175
18082
20040
22180
22168
22091
22182
17069
17791
21964
22174
22149
21770
21257
21983
22065
22138
22090
21915
20894
22128
21789
19768
22054
22088
21943
22051
22120
22078
20921
15572
22112
22041
21795
22119
22080
22116
22098
22110
22101
22100
22097
22085
22043
22049
22084
18356
21732
21337
19559
22086
20537
22082
22081
21516
21658
20042
22074
22034
22059
20093
22042
2053
22032
22033
20116
21968
21996
21559
22017
15382
21990
22020
22013
21972
21844
21846
21997
22001
21174
16765
18130
21982
21849
21945
21975
16484
21973
14601
21788
21781
21917
19949
21939
21958
19482
21767
21780
21911
18200
20032
20842
21765
20964
21931
21946
21942
21933
21880
21925
21918
21912
21543
21756
19174
21460
21886
21902
20760
18032
17447
18463
21905
21881
20024
21891
21820
21823
21870
21866
21877
21641
21774
21863
21840
15504
21868
21867
20190
21862
21843
21852
21851
21845
21595
21311
21778
20814
21822
17940
21810
16752
21817
21819
21816
21811
21006
21790
21797
21791
20344
21777
21766
21759
21739
21758
15707
21662
21748
21740
21741
21752
21335
20649
21737
21734
21731
21528
21657
21729
21694
21721
21687
21685
20740
21684
21717
21709
21711
21712
21634
21696
21582
21592
21704
21705
20280
21621
21651
21693
18153
21581
21667
21557
21675
21671
21679
21648
15309
15359
21525
21663
18092
21642
21661
20858
21656
20098
19952
19948
21654
21522
21523
21539
21570
21577
21627
21630
21098
21632
16127
20941
21355
16364
21633
21628
21583
20794
20198
17918
17711
17679
17112
17842
21606
21600
21599
21569
2586
21589
21518
21507
21476
21418
21585
17487
19920
19909
21463
21245
20989
21574
21578
21310
21189
21158
21576
21519
21560
2028
21567
21558
21550
21505
20306
21555
20709
21551
20044
20014
21533
21542
20396
17712
17073
17560
16400
16717
14802
14704
21506
19052
21496
18360
17390
21521
20515
21508
21513
21233
21421
21313
21294
21238
20674
20554
21512
21499
21511
21417
16013
21314
21498
20715
21489
19510
19531
19533
19549
19488
19494
19375
19457
19213
19321
19354
19172
19178
19198
19075
19103
19124
19009
19073
18519
18984
19001
18496
21184
21191
20074
20129
20050
20055
20057
19918
19940
19977
19851
19895
19808
19812
19822
19838
19752
19767
19622
19656
19668
19582
19620
19621
20615
20633
20640
20543
20594
20607
20487
20496
20531
20454
20458
20473
20485
20431
20443
20448
20411
20427
20175
20183
20193
20214
20131
20160
21363
21218
21249
21138
21179
20966
21001
20899
20943
20950
20811
20889
20766
20773
20804
20748
20757
20694
20742
21112
21278
14331
19811
21488
17373
16655
21454
16875
21442
21465
20977
21341
20839
20320
20401
21111
20606
20611
20351
21462
21373
20400
20238
20224
20212
21452
20274
20784
21441
21254
21443
21440
20651
20583
20825
17833
21423
21412
21292
21408
21370
21393
21413
21405
21403
20711
20163
21394
21401
19723
14555
20174
20346
20464
20518
21234
21007
19640
21367
21365
20582
20101
21340
21359
21360
21354
21349
21175
21345
21333
20479
21322
21101
21011
20535
19839
20146
20620
21308
18383
21262
16961
19792
20907
21280
21288
21266
20199
20348
21281
21196
16361
20037
21082
21115
3289
20069
20242
21258
18328
16906
14672
19919
18280
18191
21242
21215
21223
20930
21211
14366
19446
14627
14551
21052
21214
20647
21213
3137
20727
21198
21156
21194
19027
21150
21186
21176
20574
21169
21086
21030
21117
21089
18003
21126
21097
21155
21152
21153
21144
21146
21072
20150
20180
19998
21131
21087
21120
21122
19336
20223
20946
20821
16567
2765
20118
19847
18022
19878
20147
20138
20109
19988
21109
2950
21102
20786
21094
16554
21100
21092
20397
2615
20975
21074
19935
21070
20239
21069
21049
20937
21046
21054
20483
20981
21040
20947
21029
21019
19453
21024
20985
21016
20994
20995
20642
19297
16448
19311
20978
20999
20954
15817
15752
20571
19260
20976
20968
15105
14945
3752
2380
20962
20806
19924
19892
19209
20926
19575
20945
20686
20856
20944
15128
20910
20817
19204
19214
18443
20739
20906
20934
20929
18029
18026
18139
18446
19199
20928
19521
20420
20914
20734
20909
19188
20890
20790
19464
20872
20874
20871
16825
20893
20663
20701
20254
20737
19836
20873
20699
20726
19125
20809
20840
20832
20733
20813
20834
20838
14660
19422
16204
20793
18495
20823
20822
20805
20803
18514
16999
20795
18265
20785
18961
18385
18441
20772
20754
20614
20770
20778
20768
20763
20670
20756
20749
20731
20759
18482
18334
18366
20755
20751
18407
18483
20743
20307
20744
16874
18475
20602
20725
18034
18030
18160
18228
20717
18209
18198
20685
16347
15340
20696
20675
20693
17922
18062
20671
20656
807
17520
20489
20631
20637
20641
20628
20622
20639
20568
20440
20587
20636
20624
16732
20600
19888
19241
20557
16290
20604
20467
20588
14649
3586
15001
3432
17156
20477
20581
20497
20255
20558
20551
18225
18221
20542
18219
16685
18289
20532
20534
18016
18013
17988
17979
18131
18186
18192
20501
20523
20490
20525
20522
18178
20023
20500
20514
19332
19024
20469
20502
20498
20466
20499
19863
19979
18109
20386
18074
18117
18163
20266
20439
16606
20463
19146
17750
20442
16353
20449
20432
20418
17952
20456
15780
20457
20451
20246
17556
18005
17861
17985
17805
20450
17997
20445
20402
20423
20433
20434
17990
19906
17890
20407
18254
20408
20429
17972
17969
17970
20424
17957
17961
17907
17693
17584
17211
17821
17815
20416
16818
17076
20105
17613
20413
17928
17927
17926
17924
17905
17042
17399
17378
17135
17045
17503
17222
17189
17110
20387
17452
20392
20393
20282
20377
20369
20378
17836
16791
17746
20333
20305
17016
20342
20226
20164
20349
16997
17023
16762
16844
17009
16704
20345
20343
17859
17848
20319
20276
19673
20257
17840
20173
15939
20297
20237
20293
16973
17811
17809
16828
20286
16719
16357
20207
20285
17804
19984
19975
19419
14803
20258
15177
20259
19890
17777
17775
19982
20253
3578
19950
16641
17341
16689
16457
20250
17495
20245
16473
20148
17453
17736
17729
20230
17706
17710
19951
17394
20221
16421
16406
20206
17660
20215
15763
17569
17573
20201
20095
20121
17625
17628
17938
17501
20192
17618
20188
17611
17605
17585
17593
17000
17539
17181
16617
20161
17570
20176
20172
20136
17574
20171
19277
20087
17002
20134
17056
17563
17579
17507
20162
17515
20158
17120
17898
16463
17482
17126
17516
20156
20157
17395
14573
17485
20154
20144
17477
19976
16130
16948
17455
20143
17433
17423
17365
20142
16409
20137
20135
15051
17420
17415
17306
16887
17387
18210
19286
17389
20127
20104
20097
16345
15805
20106
20112
17337
16323
17349
20099
17331
19292
17335
20073
20083
15945
15872
16077
16190
15895
20062
2173
16408
20067
17303
16196
17289
20063
16140
16764
19922
20056
19914
20043
20041
20000
20015
17238
16793
17262
17254
17221
20031
20017
19299
1054
19820
17219
20018
20022
19754
20021
17213
17195
17193
19652
19607
16041
17185
16418
19980
14536
20008
15758
15736
15643
15704
15639
15657
15569
17133
20007
20003
19485
19493
19634
14552
17143
17142
19985
17152
19850
19978
19981
19574
17138
17132
19969
19857
18223
16647
17115
19858
19959
18340
14787
19962
15358
14811
17108
15474
15020
14717
19758
17105
16883
19693
19925
19368
19930
19824
17064
15462
19554
19912
17199
19788
17300
662
15898
17032
19865
16992
17019
19908
15876
16953
19897
19855
16785
19798
19880
19860
16984
16950
19894
19832
16966
19891
18023
19861
18212
16888
19887
19884
19882
19722
16952
15662
16936
16938
19874
19806
19867
16846
15804
16923
16919
19864
19837
19859
18152
16911
19796
1703
19842
16903
19841
19844
17270
19813
19834
16864
19848
16866
19840
19647
15210
16865
16858
2174
16848
16649
18021
15567
19781
19455
16778
16823
16839
16881
16811
19821
19817
16816
19801
19805
19804
17010
16795
19789
17751
16675
19720
19711
15169
17227
19778
19770
19782
17096
14833
18045
19775
16612
15387
16614
19769
19772
19771
16471
17837
19760
16741
16740
16433
16922
19756
19145
16380
15108
15485
15581
15582
15600
15602
19350
18206
18236
18237
18238
18247
18333
18341
18070
18489
19062
19042
19217
19365
18041
16180
19186
19751
19750
16731
16723
19192
19739
18010
18077
17984
19714
16684
18123
18132
18138
18350
18358
18363
18368
18378
18382
18413
18435
18437
16694
18438
17359
17117
17694
19104
19177
19687
19726
16678
16025
16742
19696
16838
17647
19658
18135
19707
19729
17900
19730
15282
16561
16669
16472
16763
19682
17824
17823
18421
19461
14988
19381
19447
3731
16467
15612
15706
16928
16560
16556
19672
16459
19333
19458
19448
19667
17855
19651
16931
19654
19334
19363
19648
19660
19643
15369
19469
15307
19150
18004
15330
15300
14349
14345
15370
16510
14546
18522
16514
16517
16829
19637
19626
19633
16496
19601
19619
19627
14521
19624
15859
16412
16492
15469
18068
19033
15855
16480
15771
16309
19608
15773
15554
17147
18170
17434
19581
19595
19590
16455
2472
15955
16444
16429
15642
19567
14794
19404
19541
19367
15064
15256
15301
16525
19547
19561
884
16417
15010
16410
17849
16373
19258
19302
19360
16403
16399
16396
19542
19538
19517
15608
15741
15430
15887
16384
19165
14781
16382
19516
19528
16372
16260
18373
18006
19525
19506
19520
19349
18485
18954
19036
19378
17312
16211
2389
19475
14665
14639
14562
14445
14939
16338
16302
19511
19503
19505
18252
19509
16593
19507
16299
15809
15258
19501
16314
17696
16292
15728
15546
15310
16296
16209
16267
19477
15366
19202
19444
19466
19467
19462
16220
15355
3703
15290
14611
19451
15936
15472
16126
17086
19248
19048
19445
16194
19424
19427
19434
19435
19418
19409
19429
19428
19421
19167
16407
19415
19382
15601
16179
16169
19407
16168
19221
19398
14352
16144
18009
19388
16135
19377
18448
19366
14883
3789
3339
2634
15100
15166
19356
19295
16049
16099
16091
16078
19342
16007
15015
19034
19337
19339
19063
14556
19263
16378
19212
17065
19324
15820
19317
15991
2738
16005
16026
15294
19305
19300
16745
19268
19293
19298
17513
3458
16012
15851
15834
16003
14769
15449
15882
15575
15909
15973
18420
19219
19272
19281
16672
15952
19246
3310
19240
19253
18000
17457
17816
17697
15961
15951
15940
15924
14837
14879
15844
15884
15912
16808
15157
18525
3585
16208
19225
19159
1061
3199
14313
14506
1160
473
16603
16768
19195
18002
15918
15896
15888
15900
15244
15894
15890
15886
15885
15881
15636
15866
15880
15205
15697
15069
15845
15838
15803
15825
15588
14594
15664
18987
17450
19179
18492
18946
14759
2908
18159
16305
16058
19070
19158
19154
19019
16786
18499
18465
19134
19130
14764
2237
2239
16437
16608
16097
19013
18521
15815
15796
15795
18449
17090
18507
19032
19065
16286
15742
19031
18994
15760
15772
18501
15764
15710
15761
15681
15296
18973
18977
18960
18982
16282
18317
18094
18343
18388
3483
18397
18948
18983
2576
18958
15675
15677
15669
15682
14961
15683
15694
14909
15695
15699
15705
14839
15671
15678
15633
2939
15168
16693
17590
18331
18513
18969
18965
17418
2117
16933
17577
17646
17829
16317
16375
16449
16601
16749
15899
16053
16072
16268
15739
15753
15798
15822
15839
15848
15613
15649
15688
15326
15454
15523
15611
14590
14619
14629
15067
15079
15159
14420
2289
2766
3060
14376
1606
1985
2007
17767
16691
18952
2581
18217
15630
15637
15644
15654
15576
15655
2288
18480
16442
18494
18493
18488
16316
18423
15604
14486
15559
15556
15564
15530
14519
15573
14584
15574
15583
15587
15592
15595
15596
15623
15102
14571
15584
15606
18473
17713
17716
14890
15172
18451
18456
2880
17294
17456
17917
17944
2571
2250
17626
18240
18405
17935
17906
15646
18233
18352
2330
18427
18417
18381
18411
16935
18001
2708
18279
15411
15540
15535
15543
18250
15182
18389
18375
18380
18278
16809
15519
15874
18359
15513
18347
18367
15484
15421
18043
15487
15088
17787
6
15463
3597
15431
15445
15354
15413
15426
15446
16602
15212
16600
14795
18349
18319
18316
18339
16244
15429
18332
17545
18320
15112
15406
15407
754
762
768
777
654
669
701
714
725
727
737
739
607
608
612
613
614
615
620
628
629
1042
1679
924
930
951
962
1038
1040
881
916
917
923
806
816
823
829
851
852
855
862
1417
1549
1585
1590
1665
1247
1330
1339
1340
1367
1388
1097
1131
1202
1226
1229
2177
2194
2137
1868
1913
1914
1975
1981
1982
1702
1832
2578
2966
2424
2577
2270
2312
2319
2339
2384
17869
16767
16897
17082
17229
17263
17322
16294
16306
16405
16460
16508
16553
16586
2437
2482
2379
1819
1938
1608
1698
1262
3601
3489
2792
2960
14706
16202
15267
3793
14487
307
486
1697
1716
1749
1250
1402
1576
774
1015
1071
1095
1144
772
2307
2318
2328
2546
2550
2609
1994
2042
2045
2049
2050
2107
2109
2124
2179
1838
1893
1935
3541
3626
3476
3498
3499
3539
3540
3332
3374
3416
3447
3450
3451
2806
3042
15488
15819
15953
14509
14642
14648
14891
14962
14385
14386
14508
3751
18302
18293
16507
18181
18295
15409
18300
15403
15272
15397
18288
15392
15395
16937
18215
18275
18122
18214
18086
18011
17398
18272
18270
15118
15386
18255
15368
16346
18241
14678
15361
18248
15360
15350
16278
15202
15356
18033
18242
14421
15933
16348
14986
15447
18216
14432
18232
18234
18227
15349
15342
15345
15338
15336
15334
15292
15327
15319
15481
18207
15101
17071
15320
15277
17522
17994
18195
14433
18190
15303
15473
14585
14786
18180
14800
15641
18182
17062
18174
18176
15289
17295
14465
2646
15283
2356
15209
15262
18154
15263
15240
15257
17929
18140
15917
15901
15379
18137
15486
18133
4523
3694
16173
17649
18040
17379
18125
15239
18115
17630
18108
15227
3230
18099
18096
15223
16824
18036
14600
18069
14810
17689
18073
1420
18025
18055
17999
17950
18053
18007
15184
15175
17968
2392
15396
15155
17995
17964
17981
17976
17949
17977
15132
17232
17959
17967
17958
14691
15117
14535
17822
842
14796
15082
14805
14820
14866
3233
17937
14653
17568
17923
17913
17788
17915
14816
17688
15043
15041
15057
17893
17109
17888
17882
17883
17881
17817
15176
17627
17879
17851
14991
17868
17864
17857
17790
17847
17841
17237
17721
17738
17797
17792
16501
14943
14994
17794
17793
14987
14979
17769
14829
16321
17761
17765
2982
17631
17633
17632
17635
17680
310
14575
14963
14954
14960
17043
14771
14901
14955
17216
14950
14946
16721
17714
17608
17708
17555
15738
14679
14908
17600
17468
14907
16921
16812
16594
15099
17677
17676
14888
16137
17650
17619
14850
17634
14887
17666
14752
17154
17624
17629
17623
17606
17604
17609
14875
14874
14867
14864
15998
17575
17443
15339
15328
17551
17581
17557
3371
17572
16193
14846
17567
14842
16337
14772
14780
17543
2364
1816
15036
17544
17497
14819
3205
17541
17535
17499
17534
17537
17441
14814
14813
17521
17505
17514
14789
14670
14793
16543
17488
17493
17417
14777
14761
17400
17481
17454
2104
16081
17431
1473
17458
17462
15532
17445
17442
17396
14757
17422
17104
17411
14747
17372
14744
14989
16057
17127
3277
14712
17391
14997
17377
17386
17162
14728
14736
16006
14607
14710
14451
14721
14722
17370
17354
16587
17355
2074
17305
15238
15904
3566
17344
17343
17283
3467
17336
15084
3457
14937
14843
17330
17329
14692
16688
14694
17085
17287
17304
17316
17317
14640
17296
14659
14658
17307
14655
14654
14651
17297
17280
15533
14624
15193
17038
17286
16708
14638
16905
17275
14705
17268
17271
17269
14602
14630
14622
14450
14520
14612
14484
16599
17246
14609
14591
17242
17172
17078
17228
17180
17187
17186
17215
17200
17209
14479
14592
17141
17203
17204
17205
17194
14572
14576
14554
2817
17177
17157
17179
15383
14511
14569
14538
17171
17158
17119
17165
17163
14768
17128
1407
14541
17159
17160
15156
16993
16549
14525
3381
17134
17131
15455
14518
17129
15266
2690
14497
17123
17122
15823
14490
14467
17094
17091
17095
17030
14473
17081
17083
17059
14566
14468
16610
14466
17060
17049
14383
17047
17051
13847
14417
16871
17039
17026
17035
16830
17033
14437
17025
17014
17013
17018
17015
17022
17011
17012
14367
3128
2254
16982
15685
14397
14396
16965
16940
16131
900
16174
14392
16960
16956
16949
16790
16907
14838
13845
16934
16884
16860
16918
16781
2723
16863
14362
16916
16913
16868
16859
15712
16518
16885
15892
16674
14360
16145
16854
16856
340
16086
16849
16807
16841
15243
16822
16845
16840
16728
16756
16813
16820
2375
16124
16787
14317
16789
16750
16779
16780
16243
16747
16761
16735
1823
3342
16743
15150
16733
16746
16744
16738
16692
16729
16724
16580
16698
13517
16714
16707
16705
16697
3799
16695
16699
16686
16662
16677
16676
14834
16664
15347
1572
16642
16643
16607
16590
16596
15314
16605
14699
16591
16595
3732
14725
16582
16578
16579
16573
15905
16570
16565
16557
16563
16544
3520
16539
15816
16547
16548
16540
14347
16545
3747
3769
3724
16541
1909
1408
14346
16475
16538
16535
2641
16527
15534
15818
494
1164
1580
1607
1727
1487
1750
1891
2152
2013
2222
2033
2157
2138
2105
2054
2046
2044
2043
1950
1920
1609
1875
1863
2672
2666
2570
2608
2636
2620
2584
2552
2547
2565
2314
2495
2538
2498
2500
1957
2376
2420
2388
2382
2374
2363
2335
1812
2987
2942
2974
2803
2361
2333
2822
1973
2895
2593
2902
2897
2865
2623
2664
2824
2695
2764
2069
2784
2789
2737
2786
2727
2718
3394
3383
3319
2871
3343
2802
2781
3286
1746
2691
3206
2944
3191
2544
3147
3093
3163
3146
3095
3114
3086
3052
3046
2811
2751
16504
3663
3676
3653
3504
3497
3598
3477
3616
3617
3358
3603
3500
3472
3449
2635
3466
3471
3307
3459
3409
3423
16505
2598
16493
16420
16464
14408
16488
16489
15322
16486
16483
16363
15119
2828
16469
16466
16465
2240
15957
16447
2294
16450
16295
16423
14549
16079
16428
16416
2470
16401
16249
16391
16271
16395
16300
16386
16389
16335
15560
3621
14361
890
16358
16352
16368
15221
16365
16134
16355
16334
15607
491
2004
16331
16328
16329
16330
16320
16311
14481
16297
15153
16226
16270
16288
16269
1861
16284
16261
16279
16276
16273
16266
16257
16262
2370
16258
16138
16252
15648
14404
16246
16021
15944
16236
16118
16160
16225
16092
16213
16182
16186
16185
16201
3326
16199
16197
15938
16110
13861
16027
16170
15656
16167
16155
16161
14832
16111
16151
16148
16139
16150
16106
15947
15999
16114
16120
16101
16122
15274
15524
16119
16094
3392
16100
16093
16090
3678
16076
16064
3620
14884
16067
15970
15689
15624
15471
14695
14740
14847
1897
16033
16050
16031
16042
16028
16019
16035
16034
16032
16030
15981
15916
16023
16016
16018
15858
16014
15928
15920
15994
15983
14330
16002
15986
15985
15984
15824
15943
15490
3821
15810
15978
15966
15915
15911
3311
15932
14495
15929
15749
15055
15923
15281
15921
15906
15908
15875
14614
3733
15873
1026
15829
15897
15891
14956
15854
15879
15871
15877
15867
15846
15860
15862
15827
15833
15852
15831
2530
2783
15304
15843
15841
15835
15826
15777
2843
15814
2971
15743
15812
15744
2465
15778
15740
15765
15174
2640
15733
15721
15645
15718
15724
15723
15722
14748
15719
15617
15711
15709
15672
15553
15628
15668
15680
15690
14461
15408
15653
14863
3461
15412
15500
3387
15622
15196
15550
15598
15599
15594
3127
15511
15160
13871
14543
15492
1601
14869
15544
15468
15531
15375
15265
15518
15515
15461
3382
15491
2475
15493
15480
15478
15404
14896
519
15352
15442
15346
15459
15460
15453
15374
15422
15373
15371
15414
15420
15437
15444
15434
15331
15432
15440
15372
15364
15436
15433
15439
15435
15273
15405
15399
15388
15400
15299
15394
15381
15380
15377
2264
15363
1676
15162
15048
1117
15332
15325
15318
15295
15315
15317
3054
15316
15311
15302
14798
15278
15268
15260
15271
15276
15074
15216
15245
15264
3792
1024
15254
15253
14363
15249
15228
15219
15230
15229
15231
15204
15185
15192
15186
15201
15213
15173
15217
15215
15218
15187
15189
15066
1563
14797
15203
15199
15194
2067
14643
14995
3473
14840
15178
15130
15179
14719
14965
15151
15145
15136
14893
15144
14872
14830
15096
15121
14980
15052
3276
14356
3436
2047
2060
15004
14934
15109
14459
15107
15091
14853
15087
15080
15093
1348
3804
14738
2503
15068
15059
15011
15037
15045
15046
15050
15044
15056
15049
14700
15026
15032
15031
15027
2172
15023
15013
14990
14984
14877
1846
14661
14992
3112
14788
14977
14971
14969
14851
14855
14621
14948
14369
14944
14947
14746
3784
14936
14391
3099
14935
14902
1092
14644
14835
2667
14558
14871
3510
14870
14828
14862
14857
14852
14822
2590
14821
14675
14762
14818
1564
14597
14577
14778
14756
14776
14779
14775
14770
14754
14753
14751
2185
2332
14745
14741
14742
14739
14636
14715
14713
14703
14714
2717
14716
2970
14666
14709
14689
14676
14702
14696
2639
14684
2089
14680
14671
13846
14645
14626
14633
14620
14632
14618
14595
14613
14599
14616
14608
14593
901
14586
14588
14579
991
14559
14405
562
14542
14550
2256
14544
1998
14492
14422
14496
14505
14503
3056
14500
14474
14488
3791
14375
14477
3571
3367
14471
14478
14469
14393
14400
14457
14462
14458
14456
14443
14425
14436
14447
14410
14439
14434
14430
14429
14426
14424
14415
14401
3395
14394
7201
14409
14354
14390
14359
14378
3726
3638
2502
14371
14365
14370
2224
14355
14333
14351
13884
2006
3639
3815
13878
14342
14344
13876
13857
13859
3710
14319
3608
14325
14315
14314
13877
13888
2995
13858
13873
13864
13865
3788
13863
3774
13850
3768
3775
3819
3810
3811
3765
3590
3000
3797
3796
3767
3761
3771
3790
3781
3785
3762
3689
3778
3669
3772
3758
3287
3777
2471
3465
3583
3640
3764
3760
3734
3713
3719
3695
2648
3714
2704
3702
3704
3666
3677
3523
3688
3664
3393
2487
1987
2769
3673
3349
2591
3646
3661
1244
3650
3647
3643
3249
3564
1867
3628
3622
3508
3629
3444
3443
2856
2901
2662
2804
1834
2533
2365
1845
1926
1890
1575
1847
677
735
1457
1807
1783
1828
2709
3269
3183
3152
3151
3187
3181
3167
3220
3228
3254
3255
3298
3323
3596
2190
3282
3563
3565
3562
3569
3567
3513
3552
3557
3547
3549
3556
3503
3452
3350
3401
3527
3502
3528
3531
2377
3484
3509
3024
2645
2438
2816
3456
3380
3397
3398
3400
3428
1820
3418
3426
3422
3420
3406
3375
3396
3331
3379
3329
3365
3404
3399
2261
3384
2840
3314
2991
3091
3284
3285
3290
3291
3292
3334
3335
3328
3330
3353
3103
2162
3344
3318
2358
2153
3246
3316
3305
3293
3261
2508
2746
1837
2078
2334
2345
2780
2884
2439
2728
2490
2772
2642
3015
3105
3159
2838
2149
2413
2887
2938
3084
3031
2948
2553
3203
3125
3044
2936
583
2961
3236
3237
3119
3217
3005
3170
2654
2629
3190
3211
3049
3201
3200
3197
3193
3194
3196
3192
3169
3171
3148
3113
3106
3122
3110
3130
3134
3129
3126
3131
3107
2831
3123
3124
3109
2247
3101
3096
2857
3061
3069
3083
3087
3063
3079
3071
3080
3065
3034
3057
3033
3011
2957
2992
3029
2993
3013
2997
3001
3020
3012
3017
3003
3002
3004
2998
1448
1776
2986
2990
2989
2978
2980
2878
2741
2954
2925
2644
2886
2048
2422
2041
2947
2594
2397
2945
2778
117
2905
2937
2839
2621
2933
2767
2920
2807
2919
2761
2904
2863
2721
2745
2841
2858
2710
2825
2829
2760
2837
2893
2403
2849
1584
2219
2911
2872
386
2907
2906
2894
2898
2890
2394
2736
2436
2882
2888
2832
2869
2883
2881
2877
2876
2875
2850
2864
2859
2860
2835
2854
2846
2845
2847
2830
2713
2818
2758
2787
2809
2703
2771
2443
2668
2796
2755
2770
2774
2775
2779
2692
2607
2749
1168
2768
2744
2747
2756
1300
2705
2719
2540
2732
2079
2600
2716
2720
2714
2706
2542
2616
2696
2684
2674
2624
2619
2469
2467
2569
2587
2633
2631
2661
2650
2488
2643
2632
1915
2605
2625
2604
2596
2012
2602
2610
2410
2425
2449
2583
2611
2579
311
2599
2592
2329
2476
2588
2555
2519
2561
2526
2516
2545
2543
2536
2216
2297
2300
2429
1785
1836
2401
2453
2501
2507
2291
2298
2305
2525
2023
2065
2100
2203
2211
2230
2262
2395
2433
2486
2244
2521
2532
2522
1558
2509
2129
1593
2494
2483
2480
2477
2479
2468
2474
2464
2452
2441
2451
2088
2442
2428
1730
2346
2414
2255
2426
2393
2419
1849
1704
2408
2390
2387
2386
2290
1916
2093
2052
2368
1058
2040
1956
2367
2360
2225
2349
2336
2306
2317
2331
2325
2324
2316
2082
2313
2274
2302
2087
2304
2246
2158
2217
2257
2303
2299
2295
2231
2296
2277
2283
2276
1579
2201
2268
2241
2223
2248
2243
2181
2208
2212
1082
2017
2209
2214
2213
2197
2199
2207
2198
2196
1841
1860
1871
2191
2188
2187
2186
2180
2155
2160
1625
2139
2150
2148
2128
1494
2142
2135
2127
2125
1979
2122
2123
2118
2090
2016
1798
1942
1955
883
2086
2080
2092
2103
2096
2085
2076
1892
2075
2039
2068
2071
1962
2063
2059
2057
2055
2029
2018
2008
1971
1317
1936
1876
2000
1978
1992
1986
1983
1930
1977
1972
1770
1959
1818
1848
1870
1884
1921
56
1931
1941
1933
1947
1944
1911
237
1765
1910
1895
1573
1904
1902
1882
1894
1878
1874
1872
1864
1757
1831
1660
1662
1805
1668
1858
1829
348
896
1182
1225
1345
1361
1368
1474
1513
1686
1634
1664
1709
1788
1824
1826
1825
1148
1203
1343
1471
891
1056
1194
1542
1437
1187
1482
1455
1616
1158
1653
1491
1338
1268
1191
1618
1289
1459
1163
1517
1505
1586
1599
1374
1190
1383
1205
1316
1115
1460
1382
1463
1349
1083
1466
1028
1286
1172
1483
1795
1678
1782
1693
1705
1629
1631
1800
1799
1794
1706
1768
1769
1772
1696
1759
1766
1763
1196
1379
1612
1613
1557
1714
1699
1736
1741
1605
1740
1737
1729
1707
1725
1715
1598
1700
1720
1708
1623
956
1292
1495
1435
1464
1501
1518
1570
1645
1695
1591
1692
1589
1472
1537
1622
1691
1582
1671
1657
1677
591
848
1162
1403
1633
1650
1648
1644
1639
1637
1597
1636
1130
1312
1632
1358
1492
979
699
860
1270
1285
1571
1567
1143
1630
1619
1617
1602
1438
1559
1183
1565
1560
1556
1493
1504
1337
1107
1540
1539
1103
872
1445
1527
1485
1538
1535
1530
1531
1532
1489
1174
1249
1294
1404
1514
1512
1307
1157
1439
1424
1456
1458
1434
1444
824
873
1252
1293
1440
1411
849
1442
1431
1422
1425
1016
1306
1421
358
898
1232
1017
1238
878
1278
1334
869
1359
1384
1242
1265
1257
1376
1398
1387
1377
1350
1372
1336
1386
1088
1192
1303
1381
1375
1352
1364
1333
1231
1319
1371
1297
1365
1327
1037
1342
1197
1331
1326
1325
1291
1273
1311
1264
1296
1320
135
169
279
337
338
396
399
424
441
442
489
509
521
570
571
572
573
660
319
1147
1308
1310
1234
1233
1277
981
1276
1288
1284
1208
1253
1280
1266
1259
1258
1248
1251
1246
1237
1207
1018
507
1206
1195
1145
1210
1201
1170
1116
1047
1180
1098
1173
926
1159
1178
1179
1149
1152
505
1171
1019
1125
1136
1154
1146
1110
1093
1127
1134
1139
1126
1138
1052
1119
468
1118
1079
1087
1109
1070
1080
1104
1096
1091
1089
428
487
838
1084
1030
1057
1075
1068
1065
845
1008
1053
1060
798
942
1027
1023
1045
1006
1041
826
740
1013
870
1004
1010
758
252
1025
895
1029
1002
1000
705
1020
1007
985
1012
1009
1005
1003
940
1001
837
999
998
939
934
944
992
993
621
936
978
879
977
986
905
972
952
958
968
935
744
976
967
945
959
964
955
927
957
947
938
827
941
943
921
937
909
922
928
931
903
880
757
897
910
919
886
906
858
912
907
902
904
892
889
887
809
834
814
871
790
868
524
746
274
674
499
495
831
850
604
853
854
240
846
843
841
675
799
815
708
605
697
555
471
812
811
810
443
661
795
721
732
210
723
770
764
788
789
719
767
775
665
731
317
696
759
439
729
726
707
712
753
751
670
752
420
563
672
688
745
742
741
710
681
306
724
720
508
722
105
556
713
694
715
659
639
716
717
706
703
250
693
267
241
501
630
641
650
593
502
356
640
686
684
683
685
645
680
635
567
679
649
676
666
673
663
664
637
154
651
647
574
642
643
646
575
644
638
634
595
597
493
414
590
617
610
624
622
506
342
389
415
419
458
496
503
514
515
598
599
600
602
329
330
417
457
601
331
513
394
541
251
611
603
281
576
517
578
504
577
582
549
569
566
568
516
558
557
164
554
545
538
530
544
534
539
472
497
416
533
511
474
531
488
492
525
529
277
512
518
459
490
231
510
361
264
280
357
374
393
397
463
476
466
470
483
455
482
475
328
381
332
333
362
387
418
456
477
480
451
406
479
453
465
469
461
464
380
236
452
448
446
445
436
304
421
403
404
407
400
323
365
363
395
384
367
390
377
366
375
370
103
242
226
222
343
350
349
341
334
322
318
320
321
336
314
326
315
227
266
209
285
305
295
186
291
289
282
283
284
181
173
190
208
212
238
276
278
228
269
248
261
221
246
249
247
132
131
151
161
163
170
172
155
219
220
234
232
175
224
225
223
218
185
162
198
143
201
215
214
188
200
183
126
189
197
191
178
179
177
176
174
171
144
153
160
146
134
156
157
158
159
145
165
95
147
133
120
86
93
106
83
35
85
127
130
128
125
107
119
110
111
118
108
90
102
99
47
87
97
88
91
89
74
80
79
77
78
81
75
70
73
67
52
72
76
65
71
66
69
61
64
68
59
62
63
60
29
58
53
55
51
57
54
49
50
48
46
45
42
41
44
43
39
38
37
36
1
7
22
30
26
20
18
13
12
14
17
16
15
8
5
