25270
25264
25263
25262
25261
25260
25257
25255
25252
25245
25243
25240
25238
25235
25229
25228
25227
25226
25224
25222
25220
25218
25216
25215
25209
25208
25207
25203
25200
25198
25196
25184
25180
25178
25173
25172
25171
25170
25169
25162
25160
25153
25147
25145
25144
25141
25140
25133
25126
25125
25123
25122
25118
25117
25116
25115
25110
25108
25107
25104
25100
25098
25093
25092
25091
25084
25082
25081
25080
25079
25071
25070
25068
25066
25065
25063
25062
25061
25050
25049
25046
25043
25042
25041
25039
25031
25028
25027
25026
25025
25015
25011
25004
25003
25001
24998
24995
24994
24993
24990
24989
24981
24976
24970
24969
24968
24966
24964
24962
24959
24951
24938
24933
24930
24927
24914
24909
24907
24903
24894
24891
24889
24880
24879
24878
24873
24872
24862
24854
24852
24846
24841
24834
24833
24832
24830
24829
24826
24821
24819
24809
24808
24806
24801
24800
24797
24790
24788
24787
24784
24778
24774
24772
24769
24768
24767
24756
24755
24753
24746
24737
24732
24730
24728
24727
24724
24720
24718
24717
24716
24712
24711
24709
24708
24706
24705
24703
24699
24695
24690
24688
24687
24683
24681
24678
24675
24673
24669
24664
24661
24660
24658
24655
24654
24653
24650
24645
24644
24634
24632
24628
24627
24626
24624
24623
24622
24618
24612
24611
24607
24606
24604
24602
24601
24600
24596
24594
24592
24585
24584
24581
24580
24578
24577
24572
24571
24568
24565
24563
24562
24559
24557
24551
24549
24531
24528
24527
24526
24525
24524
24520
24519
24518
24514
24508
24503
24502
24501
24500
24499
24497
24495
24489
24487
24480
24478
24469
24466
24461
24459
24457
24456
24453
24448
24447
24444
24442
24441
24439
24436
24435
24434
24430
24429
24424
24422
24421
24416
24413
24406
24404
24399
24397
24396
24390
24388
24386
24378
24374
24371
24368
24366
24365
24352
24351
24350
24347
24344
24341
24338
24334
24329
24327
24322
24319
24312
24309
24308
24306
24305
24303
24302
24299
24295
24294
24293
24291
24287
24284
24279
24274
24273
24272
24267
24265
24264
24258
24248
24246
24245
24243
24241
24240
24238
24237
24232
24230
24229
24227
24226
24225
24223
24218
24217
24216
24215
24214
24213
24212
24208
24206
24204
24203
24202
24201
24195
24193
24187
24184
24183
24182
24180
24179
24178
24177
24176
24168
24167
24164
24162
24161
24160
24159
24158
24157
24156
24155
24154
24152
24151
24150
24149
24148
24146
24145
24138
24137
24136
24134
24133
24132
24130
24129
24127
24125
24124
24121
24116
24115
24111
24110
24109
24108
24106
24101
24100
24097
24096
24094
24089
24088
24083
24082
24079
24078
24073
24070
24065
24063
24061
24059
24056
24055
24054
24053
24052
24049
24041
24038
24037
24033
24030
24025
24020
24019
24018
24015
24014
24012
24009
24008
24007
24003
23986
23981
23980
23979
23978
23972
23969
23968
23965
23964
23959
23958
23953
23951
23947
23945
23944
23943
23942
23939
23938
23935
23931
23930
23927
23925
23923
23922
23921
23920
23918
23917
23915
23914
23913
23911
23909
23908
23907
23906
23905
23904
23903
23902
23899
23897
23896
23895
23894
23893
23890
23887
23883
23878
23876
23875
23874
23873
23871
23870
23866
23863
23862
23859
23858
23854
23852
23848
23845
23842
23841
23839
23837
23831
23830
23829
23824
23821
23818
23812
23811
23798
23797
23796
23795
23794
23791
23789
23788
23787
23786
23785
23784
23782
23779
23777
23776
23775
23774
23772
23770
23767
23766
23764
23763
23762
23759
23757
23756
23755
23754
23752
23750
23746
23742
23741
23740
23738
23737
23734
23729
23725
23724
23723
23722
23717
23716
23715
23713
23712
23710
23706
23705
23704
23696
23693
23690
23689
23687
23682
23681
23680
23679
23678
23672
23671
23669
23668
23666
23660
23647
23643
23641
23640
23639
23638
23637
23633
23631
23627
23626
23617
23616
23613
23611
23608
23604
23603
23598
23596
23593
23589
23588
23586
23585
23584
23583
23582
23581
23579
23578
23577
23575
23574
23572
23569
23560
23559
23554
23553
23552
23551
23550
23549
23546
23541
23539
23537
23536
23534
23533
23532
23531
23529
23528
23526
23525
23524
23523
23522
23521
23516
23515
23514
23513
23512
23511
23510
23509
23505
23503
23501
23497
23493
23492
23491
23490
23489
23487
23486
23485
23481
23479
23478
23477
23475
23473
23471
23463
23459
23458
23455
23453
23452
23448
23447
23445
23442
23440
23438
23432
23431
23430
23427
23418
23416
23414
23408
23405
23404
23403
23402
23400
23399
23398
23397
23396
23392
23391
23386
23382
23377
23375
23367
23364
23356
23355
23354
23349
23348
23347
23346
23344
23342
23341
23340
23339
23338
23337
23335
23334
23332
23331
23330
23327
23323
23322
23321
23315
23313
23311
23310
23302
23301
23300
23298
23293
23288
23286
23285
23281
23276
23273
23272
23271
23269
23268
23267
23266
23265
23263
23262
23260
23259
23258
23257
23255
23254
23253
23249
23248
23246
23245
23243
23238
23236
23235
23234
23233
23232
23231
23228
23226
23224
23223
23222
23217
23214
23212
23210
23207
23205
23202
23201
23196
23195
23193
23192
23191
23189
23187
23182
23180
23174
23172
23170
23163
23160
23158
23157
23154
23153
23152
23151
23150
23148
23143
23136
23135
23132
23131
23130
23128
23127
23125
23124
23122
23121
23114
23113
23112
23107
23106
23101
23099
23098
23096
23093
23091
23085
23084
23081
23079
23075
23072
23071
23070
23067
23066
23064
23059
23056
23048
23044
23043
23035
23034
23032
23031
23030
23024
23023
23022
23021
23018
23017
23015
23014
23012
23011
23009
23006
23004
23000
22997
22996
22994
22993
22991
22990
22975
22971
22969
22967
22961
22959
22956
22955
22954
22953
22950
22947
22945
22934
22928
22925
22922
22918
22917
22916
22915
22914
22913
22912
22910
22909
22907
22905
22904
22903
22893
22892
22891
22890
22889
22887
22885
22884
22880
22875
22874
22873
22872
22869
22868
22867
22866
22864
22863
22862
22860
22856
22855
22854
22850
22849
22847
22846
22839
22838
22835
22829
22828
22826
22824
22823
22819
22818
22817
22816
22815
22812
22810
22805
22802
22800
22799
22798
22793
22792
22790
22775
22771
22763
22758
22750
22743
22742
22741
22737
22736
22735
22734
22732
22731
22730
22729
22724
22723
22721
22720
22719
22717
22715
22714
22713
22709
22708
22706
22705
22699
22689
22687
22682
22681
22676
22675
22672
22669
22662
22661
22657
22654
22653
22651
22649
22648
22647
22646
22644
22643
22642
22638
22637
22631
22627
22623
22622
22615
22614
22613
22612
22611
22610
22609
22607
22606
22605
22602
22601
22600
22599
22598
22595
22594
22593
22592
22580
22577
22576
22571
22570
22569
22568
22567
22562
22560
22557
22556
22555
22554
22546
22544
22542
22541
22534
22532
22531
22529
22528
22527
22525
22524
22523
22522
22521
22520
22519
22518
22516
22509
22507
22506
22505
22503
22502
22499
22498
22497
22496
22494
22493
22492
22490
22489
22487
22485
22483
22478
22475
22472
22471
22469
22467
22463
22458
22454
22453
22450
22449
22448
22447
22445
22444
22442
22441
22440
22439
22438
22437
22434
22433
22430
22428
22427
22425
22424
22420
22417
22415
22411
22410
22409
22408
22401
22394
22393
22392
22391
22390
22389
22384
22383
22376
22374
22372
22371
22367
22366
22365
22364
22361
22356
22354
22348
22345
22344
22342
22335
22330
22328
22325
22324
22322
22318
22317
22314
22311
22309
22308
22306
22305
22304
22303
22301
22300
22299
22296
22292
22287
22286
22285
22284
22283
22281
22278
22275
22269
22268
22267
22266
22264
22261
22260
22259
22258
22257
22254
22252
22244
22229
22228
22226
22224
22223
22222
22219
22218
22215
22209
22208
22206
22201
22200
22197
22196
22195
22194
22193
22192
22188
22182
22180
22175
22174
22172
22168
22159
22152
22151
22150
22149
22147
22144
22143
22142
22141
22139
22138
22131
22129
22128
22121
22120
22119
22117
22116
22112
22111
22110
22106
22102
22101
22100
22098
22097
22093
22091
22090
22089
22088
22087
22086
22085
22084
22082
22081
22080
22078
22077
22074
22073
22072
22065
22063
22062
22059
22058
22057
22056
22055
22054
22051
22050
22049
22043
22042
22041
22040
22039
22037
22034
22033
22032
22031
22027
22025
22024
22020
22017
22013
22008
22007
22001
21997
21996
21990
21983
21982
21979
21978
21975
21973
21972
21968
21965
21964
21963
21958
21951
21948
21947
21946
21945
21943
21942
21939
21937
21933
21931
21929
21928
21926
21925
21924
21922
21920
21918
21917
21916
21915
21912
21911
21910
21905
21904
21902
21901
21899
21891
21886
21881
21880
21879
21877
21876
21874
21870
21868
21867
21866
21865
21863
21862
21852
21851
21849
21846
21845
21844
21843
21840
21837
21835
21825
21823
21822
21820
21819
21818
21817
21816
21811
21810
21809
21797
21795
21791
21790
21789
21788
21786
21784
21783
21781
21780
21778
21777
21774
21773
21772
21771
21770
21769
21767
21766
21765
21764
21759
21758
21756
21754
21752
21748
21746
21741
21740
21739
21737
21734
21732
21731
21729
21721
21717
21712
21711
21709
21705
21704
21702
21696
21694
21693
21687
21685
21684
21679
21675
21674
21671
21668
21667
21663
21662
21661
21658
21657
21656
21654
21651
21648
21644
21642
21641
21637
21634
21633
21632
21631
21630
21628
21627
21621
21606
21600
21599
21595
21592
21589
21588
21585
21584
21583
21582
21581
21578
21577
21576
21574
21570
21569
21567
21560
21559
21558
21557
21555
21551
21550
21543
21542
21539
21533
21532
21528
21525
21524
21523
21522
21521
21519
21518
21516
21513
21512
21511
21510
21508
21507
21506
21505
21499
21498
21496
21492
21489
21488
21476
21465
21463
21462
21460
21459
21457
21454
21452
21443
21442
21441
21440
21438
21430
21423
21421
21418
21417
21413
21412
21408
21405
21403
21401
21394
21393
21386
21385
21375
21373
21370
21367
21365
21363
21360
21359
21355
21354
21350
21349
21345
21341
21340
21337
21335
21333
21332
21322
21320
21315
21314
21313
21311
21310
21309
21308
21294
21292
21288
21281
21280
21278
21273
21266
21262
21258
21257
21254
21249
21245
21242
21238
21234
21233
21224
21223
21221
21218
21215
21214
21213
21211
21198
21196
21194
21191
21190
21189
21186
21184
21179
21176
21175
21174
21169
21167
21166
21158
21156
21155
21153
21152
21150
21146
21144
21143
21138
21136
21131
21129
21126
21122
21120
21117
21115
21112
21111
21109
21108
21102
21101
21100
21098
21097
21094
21093
21092
21090
21089
21087
21086
21082
21079
21074
21072
21070
21069
21059
21054
21052
21049
21048
21046
21040
21031
21030
21029
21024
21019
21016
21011
21007
21006
21005
21001
20999
20995
20994
20989
20985
20981
20978
20977
20976
20975
20968
20966
20965
20964
20963
20962
20954
20950
20947
20946
20945
20944
20943
20941
20939
20938
20937
20934
20930
20929
20928
20926
20922
20921
20914
20912
20910
20909
20907
20906
20899
20894
20893
20892
20890
20889
20874
20873
20872
20871
20859
20858
20856
20855
20845
20842
20840
20839
20838
20834
20832
20825
20823
20822
20821
20817
20814
20813
20811
20809
20806
20805
20804
20803
20795
20794
20793
20790
20786
20785
20784
20778
20773
20772
20770
20768
20766
20765
20763
20760
20759
20757
20756
20755
20754
20751
20749
20748
20744
20743
20742
20740
20739
20737
20734
20733
20731
20727
20726
20725
20717
20716
20715
20714
20713
20711
20710
20709
20706
20701
20699
20696
20694
20693
20686
20685
20676
20675
20674
20672
20671
20670
20663
20662
20656
20651
20649
20647
20642
20641
20640
20639
20637
20636
20633
20631
20630
20629
20628
20625
20624
20622
20620
20615
20614
20611
20607
20606
20604
20602
20600
20594
20593
20590
20588
20587
20585
20584
20583
20582
20581
20574
20571
20568
20558
20557
20554
20551
20549
20543
20542
20539
20537
20535
20534
20532
20531
20525
20523
20522
20518
20515
20514
20502
20501
20500
20499
20498
20497
20496
20491
20490
20489
20487
20485
20483
20479
20478
20477
20473
20469
20467
20466
20464
20463
20458
20457
20456
20454
20451
20450
20449
20448
20445
20443
20442
20440
20439
20435
20434
20433
20432
20431
20429
20427
20426
20425
20424
20423
20420
20418
20416
20413
20411
20408
20407
20402
20401
20400
20398
20397
20396
20393
20392
20387
20386
20383
20378
20377
20369
20363
20351
20349
20348
20346
20345
20344
20343
20342
20333
20320
20319
20307
20306
20305
20297
20293
20286
20285
20282
20280
20276
20275
20274
20267
20266
20260
20259
20258
20257
20255
20254
20253
20250
20246
20245
20242
20239
20238
20237
20232
20230
20226
20224
20223
20221
20215
20214
20212
20207
20206
20201
20199
20198
20196
20193
20192
20190
20188
20184
20183
20180
20176
20175
20174
20173
20172
20171
20170
20164
20163
20162
20161
20160
20158
20157
20156
20154
20150
20149
20148
20147
20146
20144
20143
20142
20138
20137
20136
20135
20134
20131
20129
20128
20127
20124
20123
20121
20119
20118
20117
20116
20112
20109
20106
20105
20104
20101
20099
20098
20097
20095
20093
20087
20083
20078
20076
20074
20073
20069
20067
20063
20062
20057
20056
20055
20050
20045
20044
20043
20042
20041
20040
20037
20032
20031
20024
20023
20022
20021
20018
20017
20015
20014
20012
20008
20007
20003
20000
19998
19994
19989
19988
19985
19984
19982
19981
19980
19979
19978
19977
19976
19975
19969
19965
19962
19959
19952
19951
19950
19949
19948
19941
19940
19935
19930
19925
19924
19922
19920
19919
19918
19914
19912
19909
19908
19906
19905
19897
19895
19894
19892
19891
19890
19888
19887
19884
19882
19880
19879
19878
19874
19867
19865
19864
19863
19861
19860
19859
19858
19857
19855
19851
19850
19848
19847
19844
19842
19841
19840
19839
19838
19837
19836
19834
19832
19824
19822
19821
19820
19817
19813
19812
19811
19808
19806
19805
19804
19803
19801
19798
19796
19792
19789
19788
19782
19781
19778
19775
19772
19771
19770
19769
19768
19767
19766
19760
19759
19758
19756
19754
19752
19751
19750
19739
19730
19729
19726
19723
19722
19720
19719
19714
19711
19707
19699
19696
19693
19687
19682
19675
19673
19672
19668
19667
19660
19658
19656
19654
19652
19651
19648
19647
19643
19640
19637
19634
19633
19627
19626
19625
19624
19622
19621
19620
19619
19608
19607
19601
19595
19590
19589
19582
19581
19575
19574
19567
19561
19559
19554
19553
19549
19547
19542
19541
19538
19533
19531
19528
19525
19521
19520
19517
19516
19511
19510
19509
19507
19506
19505
19504
19503
19501
19494
19493
19488
19486
19485
19482
19477
19475
19469
19467
19466
19464
19462
19461
19458
19457
19455
19453
19451
19448
19447
19446
19445
19444
19435
19434
19429
19428
19427
19424
19422
19421
19419
19418
19415
19409
19407
19404
19398
19394
19392
19388
19382
19381
19378
19377
19375
19368
19367
19366
19365
19363
19360
19356
19354
19350
19349
19346
19342
19339
19337
19336
19335
19334
19333
19332
19324
19321
19320
19317
19311
19305
19302
19300
19299
19298
19297
19295
19293
19292
19286
19281
19277
19272
19268
19266
19263
19260
19258
19253
19248
19246
19241
19240
19225
19221
19219
19217
19214
19213
19212
19209
19204
19202
19199
19198
19195
19194
19192
19188
19186
19181
19179
19178
19177
19174
19173
19172
19167
19165
19159
19158
19154
19150
19146
19145
19134
19130
19125
19124
19104
19103
19075
19073
19070
19065
19063
19062
19052
19048
19042
19036
19034
19033
19032
19031
19027
19024
19019
19013
19009
19001
18994
18987
18984
18983
18982
18977
18973
18969
18965
18961
18960
18958
18954
18952
18948
18946
18525
18522
18521
18519
18514
18513
18507
18501
18499
18496
18495
18494
18493
18492
18489
18488
18485
18483
18482
18480
18475
18473
18465
18463
18456
18451
18449
18448
18446
18443
18441
18438
18437
18435
18427
18423
18421
18420
18417
18413
18411
18407
18405
18402
18397
18389
18388
18385
18383
18382
18381
18380
18378
18375
18373
18368
18367
18366
18363
18362
18361
18360
18359
18358
18356
18352
18350
18349
18347
18343
18342
18341
18340
18339
18334
18333
18332
18331
18328
18320
18319
18317
18316
18302
18300
18295
18293
18292
18291
18289
18288
18280
18279
18278
18275
18272
18270
18265
18257
18255
18254
18252
18250
18248
18247
18243
18242
18241
18240
18238
18237
18236
18234
18233
18232
18228
18227
18225
18223
18221
18219
18217
18216
18215
18214
18212
18210
18209
18207
18206
18200
18198
18195
18192
18191
18190
18186
18182
18181
18180
18178
18176
18174
18170
18163
18160
18159
18154
18153
18152
18140
18139
18138
18137
18135
18133
18132
18131
18130
18125
18123
18122
18117
18115
18109
18108
18099
18096
18094
18092
18086
18082
18077
18074
18073
18070
18069
18068
18062
18055
18053
18045
18043
18041
18040
18036
18034
18033
18032
18030
18029
18026
18025
18023
18022
18021
18016
18013
18011
18010
18009
18007
18006
18005
18004
18003
18002
18001
18000
17999
17997
17995
17994
17990
17988
17985
17984
17981
17979
17977
17976
17972
17970
17969
17968
17967
17964
17961
17959
17958
17957
17952
17950
17949
17944
17940
17938
17937
17935
17929
17928
17927
17926
17924
17923
17922
17918
17917
17915
17913
17907
17906
17905
17900
17898
17893
17890
17888
17883
17882
17881
17879
17869
17868
17864
17861
17859
17857
17855
17851
17849
17848
17847
17842
17841
17840
17837
17836
17833
17829
17824
17823
17822
17821
17817
17816
17815
17811
17809
17805
17804
17797
17794
17793
17792
17791
17790
17788
17787
17777
17775
17769
17767
17765
17761
17751
17750
17746
17738
17736
17729
17721
17717
17716
17714
17713
17712
17711
17710
17708
17706
17700
17697
17696
17694
17693
17689
17688
17686
17680
17679
17677
17676
17666
17660
17650
17649
17647
17646
17642
17638
17637
17636
17635
17634
17633
17632
17631
17630
17629
17628
17627
17626
17625
17624
17623
17619
17618
17613
17611
17609
17608
17606
17605
17604
17601
17600
17596
17593
17590
17585
17584
17581
17579
17577
17575
17574
17573
17572
17570
17569
17568
17567
17563
17560
17557
17556
17555
17551
17550
17545
17544
17543
17541
17539
17537
17535
17534
17528
17524
17522
17521
17520
17518
17516
17515
17514
17513
17507
17505
17503
17501
17499
17497
17495
17493
17488
17487
17485
17482
17481
17477
17468
17462
17458
17457
17456
17455
17454
17453
17452
17450
17447
17445
17443
17442
17441
17434
17433
17431
17423
17422
17420
17418
17417
17415
17411
17400
17399
17398
17396
17395
17394
17391
17390
17389
17387
17386
17379
17378
17377
17373
17372
17370
17365
17359
17355
17354
17349
17344
17343
17341
17337
17336
17335
17331
17330
17329
17322
17317
17316
17312
17307
17306
17305
17304
17303
17300
17298
17297
17296
17295
17294
17289
17287
17286
17283
17280
17275
17271
17270
17269
17268
17263
17262
17261
17254
17246
17242
17238
17237
17232
17229
17228
17227
17222
17221
17219
17216
17215
17213
17211
17209
17205
17204
17203
17200
17199
17195
17194
17193
17189
17187
17186
17185
17181
17180
17179
17177
17172
17171
17165
17163
17162
17160
17159
17158
17157
17156
17154
17152
17147
17143
17142
17141
17138
17135
17134
17133
17132
17131
17129
17128
17127
17126
17123
17122
17120
17119
17117
17115
17112
17110
17109
17108
17105
17104
17096
17095
17094
17091
17090
17086
17085
17083
17082
17081
17078
17076
17073
17071
17069
17065
17064
17062
17061
17060
17059
17056
17051
17049
17047
17045
17044
17043
17042
17039
17038
17035
17033
17032
17030
17026
17025
17023
17022
17020
17019
17018
17016
17015
17014
17013
17012
17011
17010
17009
17002
17000
16999
16997
16993
16992
16984
16982
16973
16966
16965
16961
16960
16956
16953
16952
16950
16949
16948
16940
16938
16937
16936
16935
16934
16933
16931
16928
16925
16923
16922
16921
16919
16918
16916
16913
16911
16907
16906
16905
16903
16897
16888
16887
16885
16884
16883
16881
16877
16875
16874
16871
16868
16866
16865
16864
16863
16860
16859
16858
16856
16854
16849
16848
16846
16845
16844
16841
16840
16839
16838
16830
16829
16828
16825
16824
16823
16822
16820
16818
16816
16813
16812
16811
16809
16808
16807
16796
16795
16793
16791
16790
16789
16787
16786
16785
16781
16780
16779
16778
16768
16767
16765
16764
16763
16762
16761
16756
16752
16750
16749
16748
16747
16746
16745
16744
16743
16742
16741
16740
16738
16735
16733
16732
16731
16729
16728
16724
16723
16721
16719
16717
16714
16708
16707
16705
16704
16699
16698
16697
16695
16694
16693
16692
16691
16689
16688
16686
16685
16684
16681
16678
16677
16676
16675
16674
16672
16669
16664
16662
16655
16649
16647
16646
16643
16642
16641
16617
16614
16613
16612
16610
16608
16607
16606
16605
16603
16602
16601
16600
16599
16596
16595
16594
16593
16591
16590
16587
16586
16582
16580
16579
16578
16573
16570
16567
16565
16563
16561
16560
16558
16557
16556
16554
16553
16549
16548
16547
16545
16544
16543
16541
16540
16539
16538
16535
16527
16526
16525
16518
16517
16514
16510
16508
16507
16506
16505
16504
16501
16496
16493
16492
16489
16488
16486
16484
16483
16480
16475
16473
16472
16471
16469
16467
16466
16465
16464
16463
16462
16460
16459
16457
16455
16450
16449
16448
16447
16444
16442
16441
16437
16433
16429
16428
16426
16423
16421
16420
16418
16417
16416
16412
16411
16410
16409
16408
16407
16406
16405
16403
16401
16400
16399
16396
16395
16391
16389
16386
16384
16383
16382
16380
16379
16378
16377
16375
16373
16372
16368
16365
16364
16363
16361
16358
16357
16355
16353
16352
16348
16347
16346
16345
16342
16338
16337
16335
16334
16331
16330
16329
16328
16323
16321
16320
16317
16316
16314
16311
16309
16307
16306
16305
16302
16300
16299
16297
16296
16295
16294
16292
16290
16288
16286
16284
16282
16279
16278
16276
16273
16271
16270
16269
16268
16267
16266
16262
16261
16260
16258
16257
16252
16251
16249
16246
16244
16243
16237
16236
16226
16225
16220
16218
16216
16215
16213
16211
16209
16208
16204
16202
16201
16199
16197
16196
16194
16193
16192
16190
16186
16185
16182
16180
16179
16174
16173
16170
16169
16168
16167
16161
16160
16155
16151
16150
16148
16147
16145
16144
16140
16139
16138
16137
16135
16134
16131
16130
16127
16126
16124
16123
16122
16120
16119
16118
16114
16111
16110
16106
16101
16100
16099
16097
16094
16093
16092
16091
16090
16086
16081
16079
16078
16077
16076
16072
16067
16064
16058
16057
16053
16050
16049
16042
16041
16035
16034
16033
16032
16031
16030
16028
16027
16026
16025
16023
16021
16019
16018
16016
16014
16013
16012
16007
16006
16005
16003
16002
15999
15998
15994
15991
15986
15985
15984
15983
15981
15978
15973
15970
15966
15961
15957
15955
15953
15952
15951
15949
15947
15945
15944
15943
15940
15939
15938
15936
15933
15932
15930
15929
15928
15924
15923
15921
15920
15918
15917
15916
15915
15912
15911
15909
15908
15906
15905
15904
15901
15900
15899
15898
15897
15896
15895
15894
15892
15891
15890
15888
15887
15886
15885
15884
15882
15881
15880
15879
15877
15876
15875
15874
15873
15872
15871
15867
15866
15865
15862
15860
15859
15858
15855
15854
15852
15851
15848
15846
15845
15844
15843
15841
15839
15838
15835
15834
15833
15831
15829
15827
15826
15825
15824
15823
15822
15820
15819
15818
15817
15816
15815
15814
15812
15810
15809
15805
15804
15803
15798
15797
15796
15795
15780
15778
15777
15773
15772
15771
15769
15765
15764
15763
15761
15760
15758
15753
15752
15749
15746
15744
15743
15742
15741
15740
15739
15738
15736
15733
15728
15724
15723
15722
15721
15719
15718
15717
15716
15712
15711
15710
15709
15707
15706
15705
15704
15699
15697
15695
15694
15690
15689
15688
15685
15683
15682
15681
15680
15678
15677
15675
15672
15671
15669
15668
15664
15662
15657
15656
15655
15654
15653
15651
15649
15648
15646
15645
15644
15643
15642
15641
15639
15637
15636
15635
15633
15630
15628
15627
15624
15623
15622
15617
15616
15613
15612
15611
15608
15607
15606
15604
15602
15601
15600
15599
15598
15596
15595
15594
15592
15588
15587
15584
15583
15582
15581
15576
15575
15574
15573
15572
15571
15569
15567
15564
15560
15559
15556
15555
15554
15553
15550
15546
15544
15543
15540
15535
15534
15533
15532
15531
15530
15524
15523
15519
15518
15515
15513
15511
15504
15500
15493
15492
15491
15490
15488
15487
15486
15485
15484
15482
15481
15480
15478
15474
15473
15472
15471
15469
15468
15463
15462
15461
15460
15459
15455
15454
15453
15449
15447
15446
15445
15444
15442
15440
15439
15437
15436
15435
15434
15433
15432
15431
15430
15429
15428
15426
15422
15421
15420
15414
15413
15412
15411
15409
15408
15407
15406
15405
15404
15403
15400
15399
15397
15396
15395
15394
15392
15388
15387
15386
15383
15382
15381
15380
15379
15377
15375
15374
15373
15372
15371
15370
15369
15368
15366
15364
15363
15361
15360
15359
15358
15356
15355
15354
15352
15350
15349
15347
15346
15345
15342
15340
15339
15338
15336
15334
15332
15331
15330
15328
15327
15326
15325
15322
15320
15319
15318
15317
15316
15315
15314
15311
15310
15309
15307
15304
15303
15302
15301
15300
15299
15296
15295
15294
15293
15292
15291
15290
15289
15283
15282
15281
15278
15277
15276
15274
15273
15272
15271
15268
15267
15266
15265
15264
15263
15262
15260
15258
15257
15256
15254
15253
15249
15245
15244
15243
15240
15239
15238
15231
15230
15229
15228
15227
15223
15221
15219
15218
15217
15216
15215
15213
15212
15210
15209
15205
15204
15203
15202
15201
15199
15196
15194
15193
15192
15189
15187
15186
15185
15184
15182
15180
15179
15178
15177
15176
15175
15174
15173
15172
15169
15168
15166
15162
15160
15159
15157
15156
15155
15153
15151
15150
15145
15144
15136
15132
15130
15128
15121
15119
15118
15117
15112
15109
15108
15107
15105
15102
15101
15100
15099
15096
15093
15091
15088
15087
15084
15082
15080
15079
15074
15069
15068
15067
15066
15064
15063
15059
15057
15056
15055
15052
15051
15050
15049
15048
15046
15045
15044
15043
15041
15037
15036
15032
15031
15027
15026
15023
15020
15015
15013
15011
15010
15005
15004
15003
15001
14997
14995
14994
14992
14991
14990
14989
14988
14987
14986
14984
14980
14979
14977
14971
14969
14965
14963
14962
14961
14960
14956
14955
14954
14950
14948
14947
14946
14945
14944
14943
14939
14937
14936
14935
14934
14909
14908
14907
14904
14902
14901
14896
14895
14893
14891
14890
14888
14887
14884
14883
14879
14877
14875
14874
14872
14871
14870
14869
14867
14866
14864
14863
14862
14857
14855
14853
14852
14851
14850
14847
14846
14843
14842
14840
14839
14838
14837
14835
14834
14833
14832
14831
14830
14829
14828
14822
14821
14820
14819
14818
14816
14814
14813
14811
14810
14805
14803
14802
14800
14798
14797
14796
14795
14794
14793
14789
14788
14787
14786
14781
14780
14779
14778
14777
14776
14775
14772
14771
14770
14769
14768
14764
14762
14761
14759
14757
14756
14754
14753
14752
14751
14748
14747
14746
14745
14744
14742
14741
14740
14739
14738
14736
14728
14725
14722
14721
14719
14717
14716
14715
14714
14713
14712
14710
14709
14708
14706
14705
14704
14703
14702
14700
14699
14696
14695
14694
14693
14692
14691
14689
14684
14682
14680
14679
14678
14676
14675
14672
14671
14670
14669
14666
14665
14661
14660
14659
14658
14655
14654
14653
14651
14649
14648
14647
14645
14644
14643
14642
14640
14639
14638
14636
14633
14632
14630
14629
14627
14626
14624
14623
14622
14621
14620
14619
14618
14616
14614
14613
14612
14611
14609
14608
14607
14602
14601
14600
14599
14597
14595
14594
14593
14592
14591
14590
14588
14586
14585
14584
14579
14577
14576
14575
14574
14573
14572
14571
14569
14566
14562
14560
14559
14558
14556
14555
14554
14552
14551
14550
14549
14546
14544
14543
14542
14541
14538
14536
14535
14525
14521
14520
14519
14518
14511
14509
14508
14506
14505
14503
14500
14497
14496
14495
14492
14490
14488
14487
14486
14484
14481
14479
14478
14477
14474
14473
14472
14471
14469
14468
14467
14466
14465
14462
14461
14459
14458
14457
14456
14451
14450
14447
14445
14443
14439
14438
14437
14436
14435
14434
14433
14432
14430
14429
14428
14426
14425
14424
14422
14421
14420
14417
14415
14410
14409
14408
14405
14404
14401
14400
14397
14396
14394
14393
14392
14391
14390
14386
14385
14383
14381
14378
14376
14375
14371
14370
14369
14367
14366
14365
14363
14362
14361
14360
14359
14356
14355
14354
14352
14351
14349
14347
14346
14345
14344
14342
14341
14340
14338
14333
14331
14330
14325
14319
14317
14315
14314
14313
13888
13884
13878
13877
13876
13873
13871
13865
13864
13863
13861
13859
13858
13857
13850
13847
13846
13845
13517
7201
4523
3821
3819
3815
3811
3810
3804
3799
3797
3796
3793
3792
3791
3790
3789
3788
3785
3784
3781
3778
3777
3775
3774
3772
3771
3769
3768
3767
3765
3764
3762
3761
3760
3758
3752
3751
3747
3734
3733
3732
3731
3726
3724
3719
3714
3713
3712
3710
3704
3703
3702
3695
3694
3691
3689
3688
3678
3677
3676
3673
3669
3666
3664
3663
3661
3653
3650
3647
3646
3643
3640
3639
3638
3629
3628
3626
3622
3621
3620
3617
3616
3608
3603
3601
3598
3597
3596
3590
3586
3585
3583
3578
3571
3569
3567
3566
3565
3564
3563
3562
3557
3556
3552
3549
3547
3541
3540
3539
3531
3528
3527
3523
3520
3513
3510
3509
3508
3504
3503
3502
3500
3499
3498
3497
3489
3484
3483
3477
3476
3473
3472
3471
3467
3466
3465
3461
3459
3458
3457
3456
3452
3451
3450
3449
3447
3444
3443
3436
3432
3428
3426
3423
3422
3420
3418
3416
3409
3406
3404
3401
3400
3399
3398
3397
3396
3395
3394
3393
3392
3387
3384
3383
3382
3381
3380
3379
3375
3374
3371
3367
3365
3358
3353
3350
3349
3344
3343
3342
3339
3335
3334
3332
3331
3330
3329
3328
3326
3323
3319
3318
3316
3314
3311
3310
3307
3305
3298
3293
3292
3291
3290
3289
3287
3286
3285
3284
3282
3277
3276
3269
3261
3255
3254
3249
3246
3237
3236
3233
3230
3228
3220
3217
3211
3207
3206
3205
3203
3201
3200
3199
3197
3196
3194
3193
3192
3191
3190
3187
3183
3181
3171
3170
3169
3167
3163
3159
3152
3151
3148
3147
3146
3137
3134
3131
3130
3129
3128
3127
3126
3125
3124
3123
3122
3119
3114
3113
3112
3110
3109
3107
3106
3105
3103
3101
3099
3096
3095
3093
3091
3087
3086
3084
3083
3080
3079
3071
3069
3065
3063
3061
3060
3057
3056
3054
3052
3049
3046
3044
3042
3034
3033
3031
3029
3024
3020
3017
3015
3013
3012
3011
3005
3004
3003
3002
3001
3000
2998
2997
2995
2993
2992
2991
2990
2989
2988
2987
2986
2982
2981
2980
2978
2974
2971
2970
2966
2961
2960
2957
2954
2950
2948
2947
2945
2944
2942
2939
2938
2937
2936
2933
2925
2920
2919
2911
2908
2907
2906
2905
2904
2902
2901
2898
2897
2895
2894
2893
2890
2888
2887
2886
2884
2883
2882
2881
2880
2878
2877
2876
2875
2872
2871
2869
2865
2864
2863
2860
2859
2858
2857
2856
2854
2850
2849
2847
2846
2845
2843
2841
2840
2839
2838
2837
2835
2832
2831
2830
2829
2828
2825
2824
2822
2818
2817
2816
2811
2809
2807
2806
2804
2803
2802
2796
2792
2789
2787
2786
2784
2783
2781
2780
2779
2778
2775
2774
2773
2772
2771
2770
2769
2768
2767
2766
2765
2764
2761
2760
2758
2756
2755
2751
2749
2747
2746
2745
2744
2741
2738
2737
2736
2732
2728
2727
2723
2721
2720
2719
2718
2717
2716
2714
2713
2710
2709
2708
2706
2705
2704
2703
2696
2695
2692
2691
2690
2684
2674
2672
2668
2667
2666
2664
2662
2661
2654
2650
2648
2646
2645
2644
2643
2642
2641
2640
2639
2636
2635
2634
2633
2632
2631
2629
2625
2624
2623
2621
2620
2619
2616
2615
2611
2610
2609
2608
2607
2605
2604
2602
2600
2599
2598
2596
2594
2593
2592
2591
2590
2588
2587
2586
2584
2583
2581
2579
2578
2577
2576
2571
2570
2569
2568
2565
2561
2555
2553
2552
2550
2547
2546
2545
2544
2543
2542
2540
2538
2536
2533
2532
2530
2526
2525
2522
2521
2519
2516
2509
2508
2507
2503
2502
2501
2500
2498
2495
2494
2490
2488
2487
2486
2483
2482
2480
2479
2477
2476
2475
2474
2472
2471
2470
2469
2468
2467
2465
2464
2453
2452
2451
2449
2443
2442
2441
2439
2438
2437
2436
2434
2433
2432
2429
2428
2426
2425
2424
2422
2420
2419
2414
2413
2410
2408
2403
2401
2397
2395
2394
2393
2392
2390
2389
2388
2387
2386
2384
2382
2380
2379
2377
2376
2375
2374
2370
2368
2367
2365
2364
2363
2361
2360
2358
2356
2349
2346
2345
2339
2336
2335
2334
2333
2332
2331
2330
2329
2328
2325
2324
2319
2318
2317
2316
2314
2313
2312
2307
2306
2305
2304
2303
2302
2300
2299
2298
2297
2296
2295
2294
2291
2290
2289
2288
2283
2277
2276
2274
2270
2268
2264
2262
2261
2257
2256
2255
2254
2250
2248
2247
2246
2244
2243
2241
2240
2239
2237
2231
2230
2225
2224
2223
2222
2219
2217
2216
2214
2213
2212
2211
2209
2208
2207
2204
2203
2201
2199
2198
2197
2196
2194
2191
2190
2188
2187
2186
2185
2181
2180
2179
2177
2174
2173
2172
2162
2160
2158
2157
2155
2153
2152
2150
2149
2148
2142
2139
2138
2137
2135
2129
2128
2127
2125
2124
2123
2122
2121
2118
2117
2109
2107
2105
2104
2103
2100
2096
2093
2092
2090
2089
2088
2087
2086
2085
2082
2080
2079
2078
2076
2075
2074
2071
2069
2068
2067
2065
2063
2060
2059
2057
2055
2054
2053
2052
2050
2049
2048
2047
2046
2045
2044
2043
2042
2041
2040
2039
2033
2029
2028
2023
2018
2017
2016
2013
2012
2008
2007
2006
2004
2000
1998
1994
1992
1987
1986
1985
1983
1982
1981
1979
1978
1977
1975
1973
1972
1971
1962
1959
1957
1956
1955
1950
1947
1944
1942
1941
1938
1936
1935
1933
1931
1930
1926
1921
1920
1916
1915
1914
1913
1911
1910
1909
1908
1904
1902
1897
1895
1894
1893
1892
1891
1890
1884
1882
1878
1876
1875
1874
1872
1871
1870
1868
1867
1864
1863
1861
1860
1858
1855
1849
1848
1847
1846
1845
1841
1838
1837
1836
1834
1832
1831
1829
1828
1826
1825
1824
1823
1820
1819
1818
1816
1812
1807
1805
1800
1799
1798
1795
1794
1788
1785
1783
1782
1776
1775
1772
1770
1769
1768
1766
1765
1763
1759
1757
1750
1749
1746
1741
1740
1737
1736
1730
1729
1727
1725
1720
1716
1715
1714
1709
1708
1707
1706
1705
1704
1703
1702
1700
1699
1698
1697
1696
1695
1693
1692
1691
1686
1685
1679
1678
1677
1676
1671
1668
1665
1664
1662
1660
1657
1653
1650
1648
1645
1644
1639
1637
1636
1634
1633
1632
1631
1630
1629
1625
1623
1622
1619
1618
1617
1616
1613
1612
1609
1608
1607
1606
1605
1602
1601
1599
1598
1597
1593
1591
1590
1589
1586
1585
1584
1582
1580
1579
1576
1575
1573
1572
1571
1570
1567
1566
1565
1564
1563
1560
1559
1558
1557
1556
1549
1542
1540
1539
1538
1537
1535
1532
1531
1530
1527
1518
1517
1514
1513
1512
1505
1504
1501
1495
1494
1493
1492
1491
1489
1487
1485
1483
1482
1474
1473
1472
1471
1466
1464
1463
1460
1459
1458
1457
1456
1455
1448
1445
1444
1442
1440
1439
1438
1437
1435
1434
1431
1425
1424
1422
1421
1420
1417
1411
1408
1407
1404
1403
1402
1398
1388
1387
1386
1384
1383
1382
1381
1379
1377
1376
1375
1374
1372
1371
1368
1367
1365
1364
1361
1359
1358
1352
1350
1349
1348
1345
1343
1342
1340
1339
1338
1337
1336
1334
1333
1331
1330
1327
1326
1325
1320
1319
1317
1316
1315
1312
1311
1310
1308
1307
1306
1303
1300
1297
1296
1294
1293
1292
1291
1289
1288
1286
1285
1284
1280
1278
1277
1276
1273
1271
1270
1268
1266
1265
1264
1262
1259
1258
1257
1253
1252
1251
1250
1249
1248
1247
1246
1244
1242
1238
1237
1234
1233
1232
1231
1229
1226
1225
1210
1208
1207
1206
1205
1203
1202
1201
1197
1196
1195
1194
1192
1191
1190
1187
1183
1182
1180
1179
1178
1174
1173
1172
1171
1170
1168
1164
1163
1162
1160
1159
1158
1157
1154
1152
1149
1148
1147
1146
1145
1144
1143
1139
1138
1136
1134
1131
1130
1127
1126
1125
1119
1118
1117
1116
1115
1110
1109
1107
1104
1103
1098
1097
1096
1095
1093
1092
1091
1089
1088
1087
1084
1083
1082
1080
1079
1075
1071
1070
1068
1065
1061
1060
1058
1057
1056
1054
1053
1052
1047
1045
1042
1041
1040
1038
1037
1030
1029
1028
1027
1026
1025
1024
1023
1020
1019
1018
1017
1016
1015
1013
1012
1010
1009
1008
1007
1006
1005
1004
1003
1002
1001
1000
999
998
993
992
991
986
985
981
979
978
977
976
972
968
967
964
962
959
958
957
956
955
952
951
947
945
944
943
942
941
940
939
938
937
936
935
934
931
930
928
927
926
924
923
922
921
919
917
916
912
910
909
907
906
905
904
903
902
901
900
898
897
896
895
892
891
890
889
887
886
884
883
881
880
879
878
873
872
871
870
869
868
862
860
858
855
854
853
852
851
850
849
848
846
845
843
842
841
838
837
834
831
829
827
826
824
823
816
815
814
812
811
810
809
807
806
799
798
795
790
789
788
777
775
774
772
770
768
767
764
762
759
758
757
754
753
752
751
746
745
744
742
741
740
739
737
735
732
731
729
727
726
725
724
723
722
721
720
719
717
716
715
714
713
712
710
708
707
706
705
703
701
699
697
696
694
693
688
686
685
684
683
681
680
679
677
676
675
674
673
672
670
669
666
665
664
663
662
661
660
659
654
651
650
649
647
646
645
644
643
642
641
640
639
638
637
635
634
630
629
628
624
622
621
620
617
615
614
613
612
611
610
608
607
605
604
603
602
601
600
599
598
597
595
593
591
590
583
582
578
577
576
575
574
573
572
571
570
569
568
567
566
563
562
558
557
556
555
554
549
545
544
541
539
538
534
533
531
530
529
525
524
521
519
518
517
516
515
514
513
512
511
510
509
508
507
506
505
504
503
502
501
499
497
496
495
494
493
492
491
490
489
488
487
486
483
482
480
479
477
476
475
474
473
472
471
470
469
468
466
465
464
463
461
459
458
457
456
455
453
452
451
448
446
445
443
442
441
439
436
428
424
421
420
419
418
417
416
415
414
407
406
404
403
400
399
397
396
395
394
393
390
389
387
386
384
381
380
377
375
374
370
367
366
365
363
362
361
358
357
356
350
349
348
343
342
341
340
338
337
336
334
333
332
331
330
329
328
326
323
322
321
320
319
318
317
315
314
311
310
307
306
305
304
295
291
289
285
284
283
282
281
280
279
278
277
276
274
269
267
266
264
261
252
251
250
249
248
247
246
242
241
240
238
237
236
234
232
231
228
227
226
225
224
223
222
221
220
219
218
215
214
212
210
209
208
201
200
198
197
191
190
189
188
186
185
183
181
179
178
177
176
175
174
173
172
171
170
169
165
164
163
162
161
160
159
158
157
156
155
154
153
151
147
146
145
144
143
135
134
133
132
131
130
128
127
126
125
120
119
118
117
111
110
108
107
106
105
103
102
99
97
95
93
91
90
89
88
87
86
85
83
81
80
79
78
77
76
75
74
73
72
71
70
69
68
67
66
65
64
63
62
61
60
59
58
57
56
55
54
53
52
51
50
49
48
47
46
45
44
43
42
41
40
39
38
37
36
35
30
29
26
22
20
18
17
16
15
14
13
12
8
7
6
5
1
