2597
2593
2589
2587
2580
2578
2576
2573
2572
2568
2564
2563
2562
2561
2560
2559
2558
2555
2552
2550
2548
2544
2543
2542
2541
2539
2538
2535
2534
2533
2529
2528
2527
2526
2525
2524
2523
2520
2516
2515
2514
2513
2512
2508
2507
2506
2505
2504
2503
2502
2501
2500
2499
2493
2489
2487
2486
2485
2484
2480
2478
2474
2472
2469
2466
2465
2460
2459
2458
2457
2454
2451
2447
2446
2445
2443
2440
2435
2434
2433
2432
2431
2430
2429
2428
2427
2426
2425
2424
2423
2421
2420
2419
2418
2415
2414
2413
2408
2402
2400
2396
2395
2394
2393
2391
2385
2384
2383
2382
2381
2380
2379
2378
2377
2375
2373
2372
2371
2370
2369
2358
2357
2351
2350
2349
2348
2347
2346
2345
2344
2337
2334
2330
2329
2328
2326
2325
2322
2321
2320
2313
2311
2310
2309
2308
2307
2300
2299
2296
2295
2294
2290
2289
2287
2285
2280
2279
2277
2273
2268
2267
2266
2264
2263
2261
2259
2256
2255
2254
2252
2250
2248
2247
2245
2239
2238
2237
2236
2235
2231
2230
2229
2228
2225
2223
2222
2221
2220
2218
2217
2216
2212
2199
2198
2192
2179
2178
2177
2176
2175
2174
2173
2172
2171
2165
2161
2158
2157
2155
2153
2152
2147
2146
2145
2141
2139
2135
2130
2127
2123
2118
2115
2111
2110
2108
2107
2105
2103
2102
2100
2097
2096
2095
2094
2088
2087
2084
2077
2069
2068
2066
2058
2057
2056
2055
2049
2047
2041
2040
2037
2034
2033
2032
2031
2028
2024
2022
2010
2009
2008
2007
2002
1992
1991
1988
1986
1983
1982
1981
1980
1979
1978
1974
1972
1970
1969
1968
1967
1966
1963
1962
1961
1951
1946
1945
1944
1937
1936
1935
1934
1932
1928
1927
1926
1924
1923
1922
1920
1919
1916
1912
1911
1907
1906
1904
1903
1902
1900
1899
1894
1893
1887
1886
1885
1884
1882
1881
1878
1874
1873
1872
1871
1870
1869
1863
1853
1845
1844
1843
1842
1841
1839
1838
1837
1836
1835
1834
1833
1832
1830
1829
1826
1823
1820
1819
1818
1817
1816
1815
1811
1809
1806
1805
1804
1803
1802
1801
1800
1796
1795
1794
1793
1792
1791
1787
1786
1776
1775
1774
1773
1768
1767
1765
1764
1763
1759
1758
1757
1753
1752
1751
1748
1745
1744
1743
1737
1735
1733
1732
1730
1729
1728
1724
1723
1722
1721
1719
1718
1717
1716
1714
1712
1711
1710
1708
1705
1704
1698
1696
1695
1690
1689
1684
1683
1682
1680
1679
1677
1675
1670
1669
1668
1667
1665
1661
1659
1651
1644
1641
1636
1633
1632
1631
1630
1628
1627
1626
1623
1620
1618
1616
1615
1614
1613
1612
1610
1609
1608
1607
1605
1604
1601
1596
1595
1593
1589
1587
1581
1572
1570
1568
1566
1564
1563
1562
1561
1559
1558
1556
1555
1554
1553
1552
1550
1541
1538
1537
1536
1531
1530
1529
1524
1521
1520
1516
1513
1512
1505
1501
1493
1492
1491
1490
1489
1488
1479
1474
1473
1472
1471
1470
1467
1463
1462
1461
1456
1455
1452
1450
1444
1443
1439
1438
1434
1433
1431
1421
1418
1414
1408
1406
1405
1400
1396
1395
1393
1388
1386
1381
1379
1378
1377
1373
1372
1366
1362
1351
1349
1345
1338
1333
1332
1331
1317
1316
1311
1307
1305
1300
1295
1294
1293
1292
1291
1290
1288
1285
1283
1282
1272
1270
1264
1260
1259
1258
1256
1255
1253
1247
1246
1242
1241
1239
1238
1235
1231
1228
1226
1225
1223
1221
1217
1215
1212
1211
1207
1203
1201
1200
1199
1197
1191
1189
1187
1186
1183
1178
1173
1163
1159
1158
1156
1155
1154
1153
1152
1151
1141
1138
1137
1136
1135
1134
1132
1131
1130
1127
1126
1125
1124
1123
1118
1117
1116
1107
1103
1102
1100
1099
1097
1094
1092
1090
1089
1088
1087
1083
1082
1080
1079
1078
1077
1076
1075
1074
1067
1064
1060
1058
1056
1055
1051
1050
1049
1048
1042
1035
1033
1028
1024
1022
1017
1016
1015
1014
1012
1011
1010
1008
1007
1006
1005
1004
1000
999
991
989
985
983
977
976
969
967
965
964
963
962
961
960
959
958
957
956
955
954
952
951
950
945
944
943
939
938
937
935
930
927
926
925
917
916
915
908
907
901
899
898
897
896
895
894
890
889
887
886
885
884
883
882
881
879
878
877
875
873
872
868
865
857
855
853
852
851
850
849
846
845
844
843
840
838
834
833
826
823
817
816
815
812
811
810
809
808
807
804
803
802
801
800
799
798
797
796
795
794
793
787
778
777
773
772
771
770
762
761
755
754
750
746
739
737
736
733
729
728
721
718
717
712
705
704
703
702
701
696
695
691
688
687
686
685
684
682
680
677
676
675
674
673
672
671
670
667
666
663
662
661
658
657
650
647
645
643
640
635
634
619
618
614
609
608
607
606
605
604
600
598
595
594
592
591
588
587
586
585
584
583
582
580
579
578
577
576
575
570
569
568
565
562
561
560
559
558
550
548
547
546
542
540
537
535
533
528
524
519
639
515
512
481
477
476
475
473
470
469
467
466
463
462
459
457
456
455
450
447
443
435
483
433
431
430
425
420
418
416
415
414
413
411
408
406
405
404
403
402
401
400
399
398
397
396
393
391
389
485
385
383
381
486
378
376
375
372
369
364
363
361
360
358
346
344
336
340
337
338
341
296
279
59
44
57
45
46
25
16
29
64
30
31
32
33
34
35
36
488
37
38
65
66
67
326
68
334
69
70
71
6
72
73
74
75
76
77
78
79
80
81
489
83
490
84
85
82
176
177
179
28
180
325
324
47
48
212
49
50
332
185
186
187
491
188
189
190
191
26
323
322
192
193
194
195
196
184
331
197
52
308
321
330
307
86
87
88
89
90
91
306
92
93
305
94
51
95
96
53
182
183
97
304
303
99
100
301
101
102
103
104
105
300
106
107
295
108
294
213
214
54
215
216
217
218
219
42
293
492
220
222
55
223
224
225
226
493
333
227
228
229
282
230
231
181
109
56
299
110
27
111
298
112
113
297
494
115
116
117
119
120
121
122
123
124
125
126
127
128
329
320
319
318
317
316
129
130
495
131
134
132
133
198
199
200
201
202
203
496
204
205
206
207
497
208
209
210
211
259
328
327
258
257
315
256
221
254
498
255
253
499
314
252
151
313
500
135
501
312
136
311
137
310
138
309
302
292
251
152
139
291
140
290
141
289
288
502
153
143
144
287
286
285
145
146
147
148
149
150
154
155
156
250
284
157
503
504
249
158
505
159
160
161
162
506
283
280
163
164
165
507
166
278
276
98
275
274
248
508
509
510
247
273
272
246
271
244
232
233
234
270
269
235
268
236
277
237
238
239
241
243
242
167
266
169
265
41
170
281
40
171
172
173
174
175
